               variables=             ss           x_bl          delta        delta_1        delta_2              H             Ue            tke            dps            rho          tau_w
          -7.96901483e-04          -1.64805000e-05           1.97978769e-02          -2.94627700e-03          -4.37022729e-03           6.74170198e-01          -9.99817241e-01           9.83146220e-03          -1.54676306e+01           9.82314600e-01           5.04154745e-02
          -1.58568877e-03           2.70014000e-05           2.00780109e-02          -3.29211055e-03          -4.87569688e-03           6.75208206e-01          -9.59001012e-01           9.88950384e-03          -1.51940566e+01           9.84328787e-01           5.33553847e-02
          -2.37062817e-03           1.14192300e-04           2.03159968e-02          -3.65469437e-03          -5.42436090e-03           6.73755755e-01          -9.15801753e-01           9.95142521e-03          -1.48339101e+01           9.86443283e-01           5.57297688e-02
          -3.15386860e-03           2.45524300e-04           2.01523033e-02          -3.92126683e-03          -5.84639501e-03           6.70715342e-01          -8.74750687e-01           1.00241927e-02          -1.47070678e+01           9.88626846e-01           5.78517789e-02
          -3.93584542e-03           4.21181600e-04           2.02780267e-02          -4.30342692e-03          -6.45931134e-03           6.66236181e-01          -8.27806345e-01           1.00891770e-02          -1.42376081e+01           9.90869204e-01           6.02886980e-02
          -4.71195179e-03           6.41035700e-04           2.05603711e-02          -4.84825642e-03          -7.36486590e-03           6.58295275e-01          -7.72103997e-01           1.01574590e-02          -1.35399509e+01           9.93254720e-01           6.39067864e-02
          -5.47528608e-03           9.12058100e-04           2.09594018e-02          -5.69352464e-03          -8.87104945e-03           6.41809593e-01          -7.01215235e-01           1.02394778e-02          -1.26393396e+01           9.95899813e-01           6.79853464e-02
          -6.23077008e-03           1.24760800e-03           2.14419792e-02          -7.04014055e-03          -1.14941121e-02           6.12499730e-01          -6.12185402e-01           1.03450667e-02          -1.15223986e+01           9.98811905e-01           6.97858487e-02
          -6.99844035e-03           1.66647300e-03           2.18542716e-02          -8.81949004e-03          -1.53627826e-02           5.74081548e-01          -5.17837410e-01           1.04782125e-02          -1.04658825e+01           1.00167400e+00           6.66555037e-02
          -7.80963912e-03           2.18049810e-03           2.21646068e-02          -1.07375369e-02          -1.99711702e-02           5.37651864e-01          -4.35143428e-01           1.06131130e-02          -9.58580755e+00           1.00418934e+00           5.98713489e-02
          -8.67473835e-03           2.78583030e-03           2.20482787e-02          -1.24033096e-02          -2.44211868e-02           5.07891352e-01          -3.68534042e-01           1.07507945e-02          -8.99915229e+00           1.00635601e+00           5.35485326e-02
          -9.56985904e-03           3.46094000e-03           2.20818327e-02          -1.56913038e-02          -3.43529263e-02           4.56767603e-01          -2.88641712e-01           1.09070070e-02          -8.27700110e+00           1.00855528e+00           4.99702477e-02
          -1.04741445e-02           4.21054100e-03           2.21893071e-02          -2.55015778e-02          -7.35012442e-02           3.46954369e-01          -1.79316478e-01           1.11152785e-02          -7.26647911e+00           1.01093434e+00           4.48866352e-02
          -1.14485937e-02           5.09649930e-03           2.20561320e-02          -5.99752644e-02          -3.21436484e-01           1.86585118e-01          -7.44739936e-02           1.13293515e-02          -6.41929635e+00           1.01303455e+00           3.55621218e-02
          -1.25660989e-02           6.16818340e-03           2.15308738e-02           3.29487535e+00          -7.82243521e+02          -4.21208390e-03           1.24208207e-03           1.15127653e-02          -5.79818323e+00           1.01464021e+00           2.54270367e-02
          -1.38579878e-02           7.44136840e-03           2.07974864e-02           6.56847988e-02          -2.46015680e-01          -2.66994359e-01           5.45336825e-02           1.16609791e-02          -5.19120049e+00           1.01589737e+00           1.70340410e-02
          -1.51652207e-02           8.74518230e-03           1.96450104e-02           3.17108569e-02          -4.24713310e-02          -7.46641467e-01           9.45912367e-02           1.18785663e-02          -4.57676456e+00           1.01680331e+00           1.09592017e-02
          -1.64704700e-02           1.00500584e-02           1.70705720e-02           3.07422012e-02          -4.49271414e-02          -6.84267912e-01           6.23372387e-02           1.23209699e-02          -4.07788772e+00           1.01746943e+00           6.45027036e-03
          -1.78204773e-02           1.13910269e-02           1.11931156e-02          -8.55596817e-02          -9.06738448e-01           9.43598255e-02          -6.34611047e-03           1.37443379e-02          -3.68068228e+00           1.01803755e+00           2.80009253e-03
          -1.92354271e-02           1.27860196e-02           1.81529491e-03           9.07388224e-04           2.92569112e-04           3.10144915e+00          -2.01373749e-02           1.99984878e-02          -1.88045657e+00           1.01831051e+00           3.09504487e-04
          -2.06546113e-02           1.41751943e-02           1.01319794e-02           4.02798241e-03           1.97418576e-03           2.04032594e+00          -1.20420025e-01           1.43042737e-02          -1.45921331e+00           1.01850202e+00           1.65930847e-03
          -2.20728167e-02           1.55435810e-02           1.65959193e-03           5.14195141e-04           1.93215789e-04           2.66124804e+00          -9.88729963e-02           1.81127782e-02           2.14087059e+00           1.01862743e+00           3.08486346e-03
          -2.35288825e-02           1.69223230e-02           1.92928459e-03           5.74726282e-04           2.30211814e-04           2.49651081e+00          -1.38580667e-01           1.75760194e-02           2.30103221e+00           1.01868296e+00           3.99280319e-03
          -2.50370554e-02           1.83244478e-02           2.10573900e-03           6.25794157e-04           2.51721433e-04           2.48605830e+00          -1.71642822e-01           1.69983931e-02           2.74562215e+00           1.01869270e+00           4.53913941e-03
          -2.66019073e-02           1.97541881e-02           2.33116629e-03           6.89916348e-04           2.85139078e-04           2.41957838e+00          -1.98804736e-01           1.63392487e-02           2.31739650e+00           1.01867079e+00           4.83275750e-03
          -2.82297578e-02           2.12176666e-02           2.53399834e-03           7.52294237e-04           3.10873062e-04           2.41994026e+00          -2.21264782e-01           1.57205209e-02           2.19751403e+00           1.01863153e+00           4.91384629e-03
          -2.99260026e-02           2.27207951e-02           2.72810444e-03           8.26823353e-04           3.45211563e-04           2.39512068e+00          -2.39976479e-01           1.51600193e-02           1.89562772e+00           1.01858338e+00           4.86161545e-03
          -3.16969713e-02           2.42714547e-02           2.97420771e-03           8.99192643e-04           3.74639418e-04           2.40015492e+00          -2.55203364e-01           1.46063063e-02           1.58044143e+00           1.01853133e+00           4.72721856e-03
          -3.35474095e-02           2.58779787e-02           3.16392275e-03           9.72333340e-04           4.02975372e-04           2.41288527e+00          -2.68136112e-01           1.41458018e-02           1.36699305e+00           1.01847961e+00           4.56713372e-03
          -3.54746760e-02           2.75433734e-02           3.40073036e-03           1.04906456e-03           4.39064036e-04           2.38932017e+00          -2.78893641e-01           1.37109294e-02           1.16630227e+00           1.01843011e+00           4.42645482e-03
          -3.74722895e-02           2.92636398e-02           3.60183883e-03           1.11696791e-03           4.66566494e-04           2.39401655e+00          -2.88159065e-01           1.33413556e-02           9.99603926e-01           1.01838413e+00           4.29022282e-03
          -3.95397701e-02           3.10387891e-02           3.78854166e-03           1.19156103e-03           5.00243574e-04           2.38196169e+00          -2.96195178e-01           1.30284940e-02           8.67844005e-01           1.01834391e+00           4.14302194e-03
          -4.16782373e-02           3.28704379e-02           4.01658868e-03           1.26153376e-03           5.28395202e-04           2.38748149e+00          -3.02906982e-01           1.27368034e-02           7.21376551e-01           1.01831085e+00           3.98877150e-03
          -4.38896383e-02           3.47611606e-02           4.20167877e-03           1.33298759e-03           5.55515410e-04           2.39955106e+00          -3.08779452e-01           1.24984887e-02           6.15569149e-01           1.01828506e+00           3.82723427e-03
          -4.61763695e-02           3.67141925e-02           4.41770208e-03           1.41358445e-03           5.91109204e-04           2.39140999e+00          -3.13706113e-01           1.22826160e-02           5.08721125e-01           1.01826713e+00           3.66358867e-03
          -4.85409440e-02           3.87331732e-02           4.63272512e-03           1.48926680e-03           6.20087222e-04           2.40170536e+00          -3.17862869e-01           1.20914197e-02           4.19709135e-01           1.01825763e+00           3.50304053e-03
          -5.09854475e-02           4.08216640e-02           4.81431986e-03           1.56482842e-03           6.47645875e-04           2.41617908e+00          -3.21471876e-01           1.19352738e-02           3.47711880e-01           1.01825587e+00           3.34921706e-03
          -5.35112828e-02           4.29824255e-02           5.04376929e-03           1.64935095e-03           6.84964684e-04           2.40793575e+00          -3.24396251e-01           1.17846109e-02           2.83363703e-01           1.01826184e+00           3.20378912e-03
          -5.61204723e-02           4.52187173e-02           5.25227986e-03           1.72669971e-03           7.14055117e-04           2.41816027e+00          -3.26880159e-01           1.16554936e-02           2.31697317e-01           1.01827522e+00           3.06610594e-03
          -5.88150010e-02           4.75340076e-02           5.43324078e-03           1.80260547e-03           7.41489072e-04           2.43106140e+00          -3.29016561e-01           1.15498046e-02           1.91558812e-01           1.01829551e+00           2.93835349e-03
          -6.15964511e-02           4.99316864e-02           5.64943296e-03           1.88622156e-03           7.78686291e-04           2.42231254e+00          -3.30735260e-01           1.14471539e-02           1.58534449e-01           1.01832183e+00           2.82340792e-03
          -6.44654250e-02           5.24145626e-02           5.85039715e-03           1.95852419e-03           8.06620696e-04           2.42806092e+00          -3.32179541e-01           1.13569464e-02           1.36251229e-01           1.01835332e+00           2.72469809e-03
          -6.74195533e-02           5.49826771e-02           6.02194096e-03           2.02463992e-03           8.32071150e-04           2.43325336e+00          -3.33407319e-01           1.12820982e-02           1.17887674e-01           1.01838943e+00           2.64469692e-03
          -7.04551908e-02           5.76327853e-02           6.17247935e-03           2.08603752e-03           8.55220269e-04           2.43918158e+00          -3.34420329e-01           1.12199551e-02           1.00405597e-01           1.01842984e+00           2.57378947e-03
          -7.35718103e-02           6.03634603e-02           6.36152490e-03           2.15788408e-03           8.89731551e-04           2.42532040e+00          -3.35140962e-01           1.11516273e-02           8.03953719e-02           1.01847421e+00           2.50116866e-03
          -7.67705852e-02           6.31745607e-02           6.53738070e-03           2.22259779e-03           9.14418304e-04           2.43061384e+00          -3.35624385e-01           1.10894629e-02           5.60008541e-02           1.01852203e+00           2.42225298e-03
          -8.00548484e-02           6.60676360e-02           6.70756366e-03           2.29247160e-03           9.39273808e-04           2.44068511e+00          -3.35849985e-01           1.10307887e-02           2.83544103e-02           1.01857259e+00           2.33123575e-03
          -8.34329189e-02           6.90496787e-02           6.87858897e-03           2.36928272e-03           9.64906155e-04           2.45545404e+00          -3.35807644e-01           1.09745510e-02           5.47269327e-03           1.01862528e+00           2.22762427e-03
          -8.69117545e-02           7.21290112e-02           7.05008048e-03           2.44991292e-03           9.91201345e-04           2.47166021e+00          -3.35501256e-01           1.09264986e-02          -2.50681853e-02           1.01867896e+00           2.12585222e-03
          -9.79938219e-02           8.20161849e-02           7.60782999e-03           2.69771188e-03           1.08747985e-03           2.48070057e+00          -3.33137079e-01           1.09072444e-02          -4.98232043e-02           1.01883224e+00           1.89433626e-03
          -1.01905859e-01           8.55384469e-02           7.77474330e-03           2.77169791e-03           1.11343803e-03           2.48931492e+00          -3.32079122e-01           1.08526166e-02          -5.91579260e-02           1.01888737e+00           1.82457202e-03
          -1.05922852e-01           8.91719013e-02           7.93381138e-03           2.84329928e-03           1.13879298e-03           2.49676572e+00          -3.30918628e-01           1.07723539e-02          -7.07267881e-02           1.01894492e+00           1.76201972e-03
          -1.10045615e-01           9.29177627e-02           8.08777157e-03           2.91363418e-03           1.16375336e-03           2.50365264e+00          -3.29642240e-01           1.06854831e-02          -7.41153793e-02           1.01900407e+00           1.70369523e-03
          -1.14275456e-01           9.67775211e-02           8.23851801e-03           2.98360378e-03           1.18850229e-03           2.51038959e+00          -3.28241256e-01           1.05939384e-02          -7.95294901e-02           1.01906435e+00           1.64790908e-03
          -1.18614965e-01           1.00753687e-01           8.38928206e-03           3.05546615e-03           1.21335423e-03           2.51819796e+00          -3.26712248e-01           1.05036456e-02          -8.59277721e-02           1.01912599e+00           1.59026339e-03
          -1.23069215e-01           1.04851082e-01           8.54365709e-03           3.13148587e-03           1.23876763e-03           2.52790419e+00          -3.25061244e-01           1.04132358e-02          -9.08148674e-02           1.01943416e+00           1.52908862e-03
          -1.27648389e-01           1.09081328e-01           8.70001905e-03           3.20952407e-03           1.26459344e-03           2.53798887e+00          -3.23306619e-01           1.03230175e-02          -9.35887172e-02           1.01950074e+00           1.46919983e-03
          -1.32356663e-01           1.13453083e-01           8.84758214e-03           3.28100603e-03           1.28950697e-03           2.54438797e+00          -3.21462165e-01           1.02316413e-02          -9.25785387e-02           1.01956511e+00           1.42157070e-03
          -1.37189470e-01           1.17966808e-01           8.97210938e-03           3.33660508e-03           1.31155443e-03           2.54400809e+00          -3.19514218e-01           1.01384045e-02          -8.72071974e-02           1.01962687e+00           1.39356701e-03
          -1.42134203e-01           1.22611262e-01           9.07005605e-03           3.37674646e-03           1.32991136e-03           2.53907634e+00          -3.17448500e-01           1.00416407e-02          -8.21832776e-02           1.01968649e+00           1.37769008e-03
          -1.47187322e-01           1.27381116e-01           9.14758748e-03           3.40890143e-03           1.34507867e-03           2.53435097e+00          -3.15271868e-01           9.94025182e-03          -7.90660650e-02           1.01974420e+00           1.36143077e-03
          -1.52353708e-01           1.32279724e-01           9.21039853e-03           3.43855000e-03           1.35788394e-03           2.53228564e+00          -3.13004066e-01           9.83576037e-03          -7.65364447e-02           1.01979968e+00           1.34064064e-03
          -1.57638659e-01           1.37313083e-01           9.25763078e-03           3.46509824e-03           1.36849267e-03           2.53205467e+00          -3.10666671e-01           9.73212254e-03          -7.45567566e-02           1.01985260e+00           1.31949182e-03
          -1.63046201e-01           1.42486557e-01           9.28791627e-03           3.46534454e-03           1.35643203e-03           2.55474987e+00          -3.08296281e-01           9.63222196e-03          -6.97581472e-02           1.01990304e+00           1.30284830e-03
          -1.68578533e-01           1.47805139e-01           9.32816997e-03           3.47879496e-03           1.36622345e-03           2.54628550e+00          -3.06011918e-01           9.53227722e-03          -6.16006733e-02           1.01995147e+00           1.29584898e-03
          -1.74226031e-01           1.53262302e-01           9.33646783e-03           3.47334719e-03           1.37161707e-03           2.53230093e+00          -3.03840173e-01           9.43480659e-03          -5.50030658e-02           1.01999889e+00           1.30466416e-03
          -1.79968949e-01           1.58836782e-01           9.32009250e-03           3.45567792e-03           1.37309854e-03           2.51670060e+00          -3.01812777e-01           9.33904703e-03          -4.47937867e-02           1.02004657e+00           1.32221361e-03
          -1.85810522e-01           1.64527357e-01           9.30293392e-03           3.44284345e-03           1.37354807e-03           2.50653291e+00          -2.99950845e-01           9.24337292e-03          -3.46148563e-02           1.02009488e+00           1.32707635e-03
          -1.91770064e-01           1.70354351e-01           9.27524803e-03           3.42742774e-03           1.37204779e-03           2.49803816e+00          -2.98264889e-01           9.14762012e-03          -3.63076094e-02           1.02014277e+00           1.33026141e-03
          -1.97832422e-01           1.76306441e-01           9.20425087e-03           3.38869364e-03           1.36457312e-03           2.48333606e+00          -2.96750982e-01           9.05919162e-03          -1.86679382e-02           1.02018859e+00           1.36168420e-03
          -2.03964046e-01           1.82346404e-01           9.11237388e-03           3.34518701e-03           1.35331705e-03           2.47184281e+00          -2.95454639e-01           8.97394428e-03           4.64177663e-03           1.02023061e+00           1.39141740e-03
          -2.10179963e-01           1.88483641e-01           9.06797126e-03           3.30025647e-03           1.32524632e-03           2.49029665e+00          -2.94494294e-01           8.90016712e-03          -4.85718491e-03           1.02026697e+00           1.39573767e-03
          -2.16501195e-01           1.94740877e-01           9.03026399e-03           3.27944991e-03           1.32139076e-03           2.48181689e+00          -2.93817526e-01           8.83662321e-03          -3.21287226e-03           1.02029699e+00           1.40625333e-03
          -2.22893370e-01           2.01084152e-01           8.97467780e-03           3.24852393e-03           1.31524432e-03           2.46990150e+00          -2.93362233e-01           8.76885448e-03           2.10848719e-02           1.02032174e+00           1.43620086e-03
          -2.29349735e-01           2.07501084e-01           8.94305844e-03           3.23364804e-03           1.31229985e-03           2.46410760e+00          -2.93087007e-01           8.70455562e-03           1.58196564e-02           1.02034308e+00           1.44588401e-03
          -2.35920926e-01           2.14042321e-01           8.92284746e-03           3.22492919e-03           1.31082488e-03           2.46022885e+00          -2.92977102e-01           8.64313601e-03           1.33327562e-03           1.02036280e+00           1.44603139e-03
          -2.42566588e-01           2.20670268e-01           8.84647852e-03           3.18082738e-03           1.30147719e-03           2.44401316e+00          -2.93025795e-01           8.58372599e-03           3.14687569e-02           1.02038230e+00           1.49517979e-03
          -2.49218760e-01           2.27310613e-01           8.78197543e-03           3.15093212e-03           1.29288430e-03           2.43713387e+00          -2.93180330e-01           8.52550287e-03           3.88667561e-02           1.02040168e+00           1.52150855e-03
          -2.55962103e-01           2.34044403e-01           8.79718060e-03           3.17349598e-03           1.29521523e-03           2.45016883e+00          -2.93325684e-01           8.46320524e-03           3.44763858e-03           1.02041950e+00           1.48084292e-03
          -2.62830234e-01           2.40907639e-01           8.82122676e-03           3.19530427e-03           1.29995084e-03           2.45801932e+00          -2.93448813e-01           8.39440141e-03           5.95899173e-03           1.02043504e+00           1.45957342e-03
          -2.69775610e-01           2.47851714e-01           8.81300542e-03           3.19326923e-03           1.30125503e-03           2.45399184e+00          -2.93564571e-01           8.31810509e-03           2.80504819e-02           1.02044956e+00           1.47635321e-03
          -2.76783712e-01           2.54859775e-01           8.81687638e-03           3.16796046e-03           1.27863147e-03           2.47761809e+00          -2.93770408e-01           8.23885770e-03           1.85188664e-02           1.02046526e+00           1.48281515e-03
          -2.83859892e-01           2.61935592e-01           8.83878267e-03           3.18093521e-03           1.28326037e-03           2.47879175e+00          -2.93806321e-01           8.16252042e-03           9.67009473e-03           1.02048394e+00           1.47038157e-03
          -2.91025673e-01           2.69099295e-01           8.87105727e-03           3.20091978e-03           1.28999138e-03           2.48134974e+00          -2.93508919e-01           8.09227167e-03           1.89536547e-02           1.02086177e+00           1.45572634e-03
          -2.98285243e-01           2.76352942e-01           8.90018109e-03           3.21770882e-03           1.29659111e-03           2.48166812e+00          -2.92823644e-01           8.02891117e-03           1.40570407e-02           1.02088897e+00           1.44307341e-03
          -3.05625841e-01           2.83680856e-01           8.94072801e-03           3.22620083e-03           1.30293807e-03           2.47609684e+00          -2.94845839e-01           7.98364595e-03           8.37421839e-03           1.02091791e+00           1.45533152e-03
          -3.13024984e-01           2.91058719e-01           8.95158523e-03           3.22767546e-03           1.30572172e-03           2.47194745e+00          -2.95214822e-01           7.94224040e-03           2.45638349e-02           1.02094886e+00           1.46338689e-03
          -3.20486610e-01           2.98490733e-01           9.00141315e-03           3.25638628e-03           1.31333730e-03           2.47947445e+00          -2.95567172e-01           7.90602412e-03           1.68269242e-02           1.02098023e+00           1.43716332e-03
          -3.28091382e-01           3.06055129e-01           9.08592939e-03           3.30225913e-03           1.32679338e-03           2.48890233e+00          -2.95935106e-01           7.87121578e-03          -5.49279208e-04           1.02100742e+00           1.40030407e-03
          -3.35830945e-01           3.13726842e-01           9.07871708e-03           3.28373383e-03           1.32800122e-03           2.47268887e+00          -2.96553374e-01           7.84359553e-03           3.55706911e-02           1.02102721e+00           1.43847251e-03
          -3.43579552e-01           3.21376651e-01           8.98942682e-03           3.21665793e-03           1.31641750e-03           2.44349375e+00          -2.97593935e-01           7.82550040e-03           7.80057746e-02           1.02103966e+00           1.51949810e-03
          -3.51347201e-01           3.29016417e-01           8.87901232e-03           3.14695254e-03           1.29918551e-03           2.42225034e+00          -2.99141659e-01           7.81252652e-03           7.86082203e-02           1.02104582e+00           1.58438061e-03
          -3.59130870e-01           3.36639970e-01           8.75828284e-03           3.07827586e-03           1.27911410e-03           2.40656862e+00          -3.01194549e-01           7.80266973e-03           9.81296655e-02           1.02104435e+00           1.64642040e-03
          -3.66917058e-01           3.44231516e-01           8.63021270e-03           3.00841419e-03           1.25764872e-03           2.39209418e+00          -3.03754854e-01           7.80104808e-03           1.28217955e-01           1.02103250e+00           1.71861046e-03
          -3.74694490e-01           3.51779670e-01           8.51092932e-03           2.94545541e-03           1.23702065e-03           2.38108830e+00          -3.06781551e-01           7.80652385e-03           1.35886451e-01           1.02101071e+00           1.78621453e-03
          -3.82456640e-01           3.59278828e-01           8.40855420e-03           2.89355231e-03           1.21873056e-03           2.37423464e+00          -3.10160069e-01           7.82887716e-03           1.44829790e-01           1.02098337e+00           1.84467123e-03
          -3.90200574e-01           3.66728216e-01           8.33637755e-03           2.83317084e-03           1.18054903e-03           2.39987563e+00          -3.13769556e-01           7.86531738e-03           1.51942939e-01           1.02095536e+00           1.89029542e-03
          -3.97930676e-01           3.74135077e-01           8.30797415e-03           2.81933172e-03           1.17399558e-03           2.40148409e+00          -3.17461293e-01           7.89984368e-03           1.47024783e-01           1.02092897e+00           1.91491097e-03
          -4.05665067e-01           3.81518692e-01           8.31560675e-03           2.82601166e-03           1.17335574e-03           2.40848666e+00          -3.21052752e-01           7.92964198e-03           1.35905826e-01           1.02090302e+00           1.91791255e-03
          -4.13419994e-01           3.88890743e-01           8.34780226e-03           2.84377142e-03           1.17690950e-03           2.41630425e+00          -3.24528748e-01           7.94896803e-03           1.31296302e-01           1.02087459e+00           1.91404786e-03
          -4.21197001e-01           3.96247029e-01           8.39442733e-03           2.88595437e-03           1.20672699e-03           2.39155533e+00          -3.27977778e-01           7.95328921e-03           1.28739648e-01           1.02084172e+00           1.91846289e-03
          -4.28985462e-01           4.03573602e-01           8.44936823e-03           2.90077050e-03           1.21366301e-03           2.39009551e+00          -3.31414667e-01           7.94469133e-03           1.34259008e-01           1.02080408e+00           1.93335728e-03
          -4.36779735e-01           4.10864651e-01           8.51074650e-03           2.91625623e-03           1.22112060e-03           2.38818036e+00          -3.34794654e-01           7.92779623e-03           1.35263501e-01           1.02108925e+00           1.94516976e-03
          -4.44579649e-01           4.18119997e-01           8.58018169e-03           2.93627597e-03           1.22943215e-03           2.38831885e+00          -3.38119200e-01           7.91072320e-03           1.24247220e-01           1.02104803e+00           1.94803563e-03
          -4.52389315e-01           4.25343394e-01           8.66430574e-03           2.96477347e-03           1.23997948e-03           2.39098590e+00          -3.41360376e-01           7.90197102e-03           1.29044632e-01           1.02100724e+00           1.94298345e-03
          -4.60218971e-01           4.32544142e-01           8.77939970e-03           3.00801995e-03           1.25513121e-03           2.39657809e+00          -3.44468159e-01           7.90578190e-03           1.29152900e-01           1.02096416e+00           1.92169768e-03
          -4.68109255e-01           4.39750940e-01           8.90030009e-03           3.04885178e-03           1.27179487e-03           2.39728265e+00          -3.47511398e-01           7.92187501e-03           1.24327073e-01           1.02091484e+00           1.91020456e-03
          -4.76044624e-01           4.46912319e-01           8.92970028e-03           3.03351338e-03           1.27503833e-03           2.37915466e+00          -3.50764101e-01           7.95026572e-03           1.63352529e-01           1.02085555e+00           1.97614370e-03
          -4.83915689e-01           4.53932762e-01           8.88249189e-03           2.98084915e-03           1.26559780e-03           2.35528945e+00          -3.54395554e-01           7.98712767e-03           2.10869388e-01           1.02078512e+00           2.08009440e-03
          -4.91731046e-01           4.60844785e-01           8.83999912e-03           2.94275959e-03           1.25521675e-03           2.34442345e+00          -3.58322073e-01           8.02443348e-03           2.12309238e-01           1.02070526e+00           2.14192134e-03
          -4.99523975e-01           4.67682898e-01           8.82456068e-03           2.92576171e-03           1.24882976e-03           2.34280268e+00          -3.62376376e-01           8.05522354e-03           2.11474091e-01           1.02061865e+00           2.17130367e-03
          -5.07308206e-01           4.74443972e-01           8.79889269e-03           2.90240131e-03           1.24166810e-03           2.33750171e+00          -3.66618569e-01           8.08103351e-03           2.38221812e-01           1.02052541e+00           2.22356093e-03
          -5.15052476e-01           4.81093407e-01           8.74861443e-03           2.86443416e-03           1.23087604e-03           2.32715079e+00          -3.71186739e-01           8.10936181e-03           2.66142400e-01           1.02042432e+00           2.30354563e-03
          -5.22736366e-01           4.87619489e-01           8.69528101e-03           2.82587133e-03           1.21890412e-03           2.31837049e+00          -3.76108043e-01           8.14596794e-03           2.83009264e-01           1.02031510e+00           2.38095834e-03
          -5.30364168e-01           4.94037211e-01           8.66320501e-03           2.79970866e-03           1.20978608e-03           2.31421794e+00          -3.81269919e-01           8.19035819e-03           2.97517483e-01           1.02019927e+00           2.43855564e-03
          -5.37958384e-01           5.00359118e-01           8.63457300e-03           2.77412328e-03           1.20128174e-03           2.30930279e+00          -3.86616885e-01           8.23942058e-03           3.19288821e-01           1.02007872e+00           2.50208363e-03
          -5.45494945e-01           5.06555021e-01           8.57978391e-03           2.73384568e-03           1.18881883e-03           2.29963189e+00          -3.92201395e-01           8.29196226e-03           3.46534212e-01           1.01995484e+00           2.59680895e-03
          -5.52951347e-01           5.12613296e-01           8.50580054e-03           2.68571408e-03           1.17313938e-03           2.28933928e+00          -3.98049429e-01           8.34874284e-03           3.77326200e-01           1.01982926e+00           2.70491297e-03
          -5.60318738e-01           5.18540502e-01           8.44316577e-03           2.64695107e-03           1.15876413e-03           2.28428805e+00          -4.04056180e-01           8.40579738e-03           3.94265487e-01           1.01970401e+00           2.79071898e-03
          -5.67611398e-01           5.24361491e-01           8.41140794e-03           2.62704657e-03           1.14922350e-03           2.28593183e+00          -4.10080525e-01           8.46416190e-03           3.85377243e-01           1.01957991e+00           2.83984226e-03
          -5.74847464e-01           5.30091345e-01           8.40322468e-03           2.62068006e-03           1.14396511e-03           2.29087412e+00          -4.16036397e-01           8.52357788e-03           3.80631726e-01           1.01978828e+00           2.87020101e-03
          -5.82032124e-01           5.35732925e-01           8.41467327e-03           2.62336762e-03           1.14245536e-03           2.29625394e+00          -4.21889413e-01           8.58170233e-03           3.90119608e-01           1.01966272e+00           2.89503931e-03
          -5.89175777e-01           5.41294694e-01           8.44773854e-03           2.63346725e-03           1.14469267e-03           2.30058889e+00          -4.27646159e-01           8.64173516e-03           3.92219743e-01           1.01953226e+00           2.91452018e-03
          -5.96300043e-01           5.46778083e-01           8.47041392e-03           2.63240164e-03           1.14555484e-03           2.29792721e+00          -4.33449313e-01           8.70400338e-03           4.07337556e-01           1.01939579e+00           2.96455567e-03
          -6.03373514e-01           5.52132308e-01           8.42593907e-03           2.59192660e-03           1.13592149e-03           2.28178322e+00          -4.39574761e-01           8.76980229e-03           4.71736403e-01           1.01925061e+00           3.10626931e-03
          -6.10329731e-01           5.57325125e-01           8.34681172e-03           2.53750594e-03           1.11976891e-03           2.26609786e+00          -4.46142056e-01           8.84193481e-03           5.23721279e-01           1.01909460e+00           3.26530194e-03
          -6.17184854e-01           5.62405825e-01           8.30214213e-03           2.50907407e-03           1.10812809e-03           2.26424553e+00          -4.52928694e-01           8.91791739e-03           5.14925004e-01           1.01892942e+00           3.34086301e-03
          -6.23979095e-01           5.67404807e-01           8.28808697e-03           2.49929786e-03           1.10174806e-03           2.26848400e+00          -4.59707575e-01           8.99277560e-03           5.11279142e-01           1.01875813e+00           3.37975594e-03
          -6.30713005e-01           5.72313487e-01           8.27842335e-03           2.49024451e-03           1.09704957e-03           2.26994711e+00          -4.66475782e-01           9.06550135e-03           5.34353969e-01           1.01858138e+00           3.43995104e-03
          -6.37380877e-01           5.77128589e-01           8.27007823e-03           2.48110181e-03           1.09305815e-03           2.26987174e+00          -4.73267382e-01           9.13837482e-03           5.43190133e-01           1.01839904e+00           3.50595738e-03
          -6.43983389e-01           5.81853628e-01           8.27033293e-03           2.48800192e-03           1.10407935e-03           2.25346296e+00          -4.80071169e-01           9.21392811e-03           5.48004370e-01           1.01821174e+00           3.56387361e-03
          -6.50522960e-01           5.86492777e-01           8.29930320e-03           2.48585882e-03           1.10363611e-03           2.25242614e+00          -4.86914549e-01           9.29555212e-03           5.64475314e-01           1.01802014e+00           3.61800240e-03
          -6.57005256e-01           5.91050863e-01           8.32867606e-03           2.48532140e-03           1.10371545e-03           2.25177729e+00          -4.93703155e-01           9.38026684e-03           5.76466460e-01           1.01782462e+00           3.66936623e-03
          -6.63433138e-01           5.95525801e-01           8.34866577e-03           2.48055585e-03           1.10277465e-03           2.24937691e+00          -5.00469648e-01           9.46763456e-03           5.93815102e-01           1.01762534e+00           3.73440054e-03
          -6.69798519e-01           5.99908769e-01           8.35025666e-03           2.46734015e-03           1.09926405e-03           2.24453821e+00          -5.07283521e-01           9.55739867e-03           6.24313084e-01           1.01742200e+00           3.82397641e-03
          -6.76092438e-01           6.04199350e-01           8.34403957e-03           2.45189249e-03           1.09446453e-03           2.24026674e+00          -5.14182775e-01           9.64929316e-03           6.47247165e-01           1.01721450e+00           3.91439803e-03
          -6.82318367e-01           6.08407438e-01           8.34372658e-03           2.44111343e-03           1.09042376e-03           2.23868328e+00          -5.21133088e-01           9.74215610e-03           6.59303582e-01           1.01700355e+00           3.98557630e-03
          -6.88484243e-01           6.12539232e-01           8.34802758e-03           2.43332327e-03           1.08722417e-03           2.23810631e+00          -5.28099819e-01           9.83470701e-03           6.75278425e-01           1.01716241e+00           4.05015885e-03
          -6.94590664e-01           6.16593242e-01           8.34971567e-03           2.42435788e-03           1.08392299e-03           2.23665141e+00          -5.35090723e-01           9.92614084e-03           6.96112519e-01           1.01694585e+00           4.12395225e-03
          -7.00634406e-01           6.20568037e-01           8.34684932e-03           2.41371236e-03           1.08017055e-03           2.23456596e+00          -5.42119784e-01           1.00154513e-02           7.16269114e-01           1.01672503e+00           4.20445095e-03
          -7.06614942e-01           6.24466002e-01           8.34077914e-03           2.40291297e-03           1.07615673e-03           2.23286526e+00          -5.49173503e-01           1.01013072e-02           7.35314503e-01           1.01649998e+00           4.28400619e-03
          -7.12533324e-01           6.28290117e-01           8.33270512e-03           2.39266852e-03           1.07209776e-03           2.23176337e+00          -5.56228003e-01           1.01833227e-02           7.52970308e-01           1.01627105e+00           4.36090168e-03
          -7.18390699e-01           6.32042825e-01           8.32330768e-03           2.38306087e-03           1.06808578e-03           2.23115121e+00          -5.63264818e-01           1.02612854e-02           7.69149506e-01           1.01603873e+00           4.43654884e-03
          -7.24188191e-01           6.35726452e-01           8.31336704e-03           2.37425989e-03           1.06418907e-03           2.23105081e+00          -5.70276128e-01           1.03378328e-02           7.84570710e-01           1.01580338e+00           4.50894259e-03
          -7.29927048e-01           6.39343321e-01           8.30404068e-03           2.36658390e-03           1.06057481e-03           2.23141629e+00          -5.77261153e-01           1.04141968e-02           7.98962644e-01           1.01556519e+00           4.57786390e-03
          -7.35609136e-01           6.42895997e-01           8.30729766e-03           2.37061057e-03           1.06812028e-03           2.21942287e+00          -5.84253013e-01           1.04909325e-02           8.12833521e-01           1.01532428e+00           4.64216746e-03
          -7.41237013e-01           6.46386445e-01           8.33029079e-03           2.36704447e-03           1.06695707e-03           2.21850019e+00          -5.91286588e-01           1.05699458e-02           8.27786035e-01           1.01508061e+00           4.70591110e-03
          -7.46811876e-01           6.49814963e-01           8.35113567e-03           2.36315636e-03           1.06581106e-03           2.21723760e+00          -5.98322723e-01           1.06489059e-02           8.46793013e-01           1.01483386e+00           4.77375011e-03
          -7.52334052e-01           6.53181315e-01           8.36820290e-03           2.35802414e-03           1.06439216e-03           2.21537158e+00          -6.05393069e-01           1.07276118e-02           8.70861990e-01           1.01458341e+00           4.84869712e-03
          -7.57803134e-01           6.56484842e-01           8.37977184e-03           2.35086341e-03           1.06240543e-03           2.21277428e+00          -6.12528412e-01           1.08061138e-02           8.99158538e-01           1.01432851e+00           4.93249723e-03
          -7.63217810e-01           6.59724534e-01           8.38424706e-03           2.34099712e-03           1.05955595e-03           2.20941341e+00          -6.19756759e-01           1.08844413e-02           9.31674339e-01           1.01406838e+00           5.02719525e-03
          -7.68575584e-01           6.62900031e-01           8.38239303e-03           2.32896777e-03           1.05588933e-03           2.20569307e+00          -6.27096347e-01           1.09627639e-02           9.65767161e-01           1.01380227e+00           5.12983981e-03
          -7.73875558e-01           6.66012943e-01           8.37623047e-03           2.31605645e-03           1.05170731e-03           2.20218727e+00          -6.34543861e-01           1.10411988e-02           9.98081569e-01           1.01352978e+00           5.23547938e-03
          -7.79117678e-01           6.69065416e-01           8.36750003e-03           2.30324937e-03           1.04726496e-03           2.19929957e+00          -6.42081057e-01           1.11198647e-02           1.02830551e+00           1.01325094e+00           5.33814043e-03
          -7.84302331e-01           6.72059655e-01           8.35742808e-03           2.29108184e-03           1.04280481e-03           2.19703805e+00          -6.49685443e-01           1.11989571e-02           1.05631164e+00           1.01296601e+00           5.43854171e-03
          -7.89430437e-01           6.74998164e-01           8.34728392e-03           2.28013520e-03           1.03853674e-03           2.19552677e+00          -6.57333366e-01           1.12785084e-02           1.08157691e+00           1.01267533e+00           5.53409751e-03
          -7.94503641e-01           6.77883387e-01           8.33760746e-03           2.27050573e-03           1.03455624e-03           2.19466632e+00          -6.65003773e-01           1.13583577e-02           1.10515258e+00           1.01237923e+00           5.62381813e-03
          -7.99523125e-01           6.80716813e-01           8.32788119e-03           2.26170041e-03           1.03081675e-03           2.19408581e+00          -6.72681840e-01           1.14383592e-02           1.12846658e+00           1.01207793e+00           5.71252208e-03
          -8.04489762e-01           6.83499694e-01           8.31756504e-03           2.25339938e-03           1.02723773e-03           2.19364935e+00          -6.80359817e-01           1.15183200e-02           1.15220747e+00           1.01177152e+00           5.80230284e-03
          -8.09404294e-01           6.86233222e-01           8.30632504e-03           2.24538875e-03           1.02373631e-03           2.19332725e+00          -6.88033858e-01           1.15979154e-02           1.17647152e+00           1.01191455e+00           5.89096350e-03
          -8.14267456e-01           6.88918531e-01           8.31195118e-03           2.24548113e-03           1.02858356e-03           2.18308090e+00          -6.95755687e-01           1.16790730e-02           1.20163205e+00           1.01159831e+00           5.97968841e-03
          -8.19079909e-01           6.91556632e-01           8.32417619e-03           2.23898744e-03           1.02633613e-03           2.18153427e+00          -7.03499806e-01           1.17607560e-02           1.22799658e+00           1.01127781e+00           6.07078890e-03
          -8.23842404e-01           6.94148540e-01           8.33412344e-03           2.23240547e-03           1.02398621e-03           2.18011282e+00          -7.11245412e-01           1.18422060e-02           1.25571414e+00           1.01095320e+00           6.16096099e-03
          -8.28555352e-01           6.96694910e-01           8.34137841e-03           2.22546601e-03           1.02149542e-03           2.17863533e+00          -7.18997912e-01           1.19235009e-02           1.28515824e+00           1.01062459e+00           6.25424882e-03
          -8.33219137e-01           6.99196398e-01           8.34575358e-03           2.21803131e-03           1.01883548e-03           2.17702597e+00          -7.26765267e-01           1.20044012e-02           1.31671207e+00           1.01029198e+00           6.35292600e-03
          -8.37833996e-01           7.01653659e-01           8.34685337e-03           2.21002587e-03           1.01590983e-03           2.17541539e+00          -7.34554444e-01           1.20846931e-02           1.35041584e+00           1.00995524e+00           6.45386140e-03
          -8.42399965e-01           7.04067171e-01           8.34410437e-03           2.20113841e-03           1.01263555e-03           2.17367285e+00          -7.42369454e-01           1.21640798e-02           1.38589284e+00           1.00961434e+00           6.55801951e-03
          -8.46916599e-01           7.06437349e-01           8.33741593e-03           2.19138014e-03           1.00899956e-03           2.17183459e+00          -7.50211075e-01           1.22430031e-02           1.42164102e+00           1.00926936e+00           6.66784921e-03
          -8.51383774e-01           7.08765387e-01           8.32751202e-03           2.18128555e-03           1.00511762e-03           2.17017940e+00          -7.58074563e-01           1.23213801e-02           1.45610638e+00           1.00892045e+00           6.78037777e-03
          -8.55801808e-01           7.11052775e-01           8.31525928e-03           2.17129543e-03           1.00109326e-03           2.16892423e+00          -7.65948054e-01           1.23987319e-02           1.48839110e+00           1.00856796e+00           6.88949603e-03
          -8.60171313e-01           7.13301063e-01           8.30141807e-03           2.16176892e-03           9.97061991e-04           2.16813893e+00          -7.73817151e-01           1.24751154e-02           1.51809567e+00           1.00821235e+00           6.99458743e-03
          -8.64493087e-01           7.15511858e-01           8.28708215e-03           2.15310483e-03           9.93176157e-04           2.16789823e+00          -7.81669317e-01           1.25501683e-02           1.54448672e+00           1.00785401e+00           7.09510366e-03
          -8.68768167e-01           7.17686772e-01           8.27326816e-03           2.14565593e-03           9.89591020e-04           2.16822494e+00          -7.89494801e-01           1.26236134e-02           1.56839528e+00           1.00749317e+00           7.18919656e-03
          -8.72998388e-01           7.19827533e-01           8.26051164e-03           2.13949164e-03           9.86344601e-04           2.16911172e+00          -7.97286547e-01           1.26954239e-02           1.59247797e+00           1.00712992e+00           7.27361921e-03
          -8.77185138e-01           7.21934617e-01           8.24799594e-03           2.13388432e-03           9.83354867e-04           2.17000433e+00          -8.05046018e-01           1.27656586e-02           1.61849526e+00           1.00676403e+00           7.35904333e-03
          -8.81329064e-01           7.24008143e-01           8.23508333e-03           2.12825440e-03           9.80471429e-04           2.17064398e+00          -8.12787860e-01           1.28345006e-02           1.64869274e+00           1.00639481e+00           7.44959295e-03
          -8.85430571e-01           7.26048052e-01           8.23979150e-03           2.12794102e-03           9.83742729e-04           2.16310724e+00          -8.20583888e-01           1.29031687e-02           1.68455816e+00           1.00602143e+00           7.54628008e-03
          -8.89489615e-01           7.28054047e-01           8.24325056e-03           2.12146482e-03           9.81297971e-04           2.16189668e+00          -8.28402365e-01           1.29709292e-02           1.72648815e+00           1.00564298e+00           7.65249468e-03
          -8.93506033e-01           7.30025947e-01           8.24232203e-03           2.11347650e-03           9.78393934e-04           2.16014881e+00          -8.36255468e-01           1.30378779e-02           1.77379054e+00           1.00525868e+00           7.77016791e-03
          -8.97478816e-01           7.31963277e-01           8.23600758e-03           2.10366907e-03           9.74885370e-04           2.15786300e+00          -8.44153468e-01           1.31041659e-02           1.82416359e+00           1.00486790e+00           7.90145535e-03
          -9.01406791e-01           7.33866453e-01           8.22537382e-03           2.09258408e-03           9.70854765e-04           2.15540384e+00          -8.52107082e-01           1.31700316e-02           1.87513726e+00           1.00447033e+00           8.03953007e-03
          -9.05289808e-01           7.35736847e-01           8.21188876e-03           2.08113929e-03           9.66495733e-04           2.15328348e+00          -8.60110589e-01           1.32355813e-02           1.92356744e+00           1.00461457e+00           8.17598038e-03
          -9.09128037e-01           7.37575710e-01           8.19674284e-03           2.06980557e-03           9.61982787e-04           2.15160354e+00          -8.68148827e-01           1.33007785e-02           1.96756089e+00           1.00420486e+00           8.30834333e-03
          -9.12921854e-01           7.39384472e-01           8.18127135e-03           2.05905763e-03           9.57533500e-04           2.15037660e+00          -8.76206580e-01           1.33655417e-02           2.00652765e+00           1.00379027e+00           8.43732633e-03
          -9.16671942e-01           7.41164684e-01           8.16670764e-03           2.04938430e-03           9.53313232e-04           2.14974914e+00          -8.84264878e-01           1.34296838e-02           2.03998950e+00           1.00337187e+00           8.55794377e-03
          -9.20379157e-01           7.42917776e-01           8.15375259e-03           2.04109252e-03           9.49448934e-04           2.14976545e+00          -8.92304070e-01           1.34929604e-02           2.06896819e+00           1.00295074e+00           8.66848627e-03
          -9.24044921e-01           7.44645059e-01           8.14254594e-03           2.03410339e-03           9.45985711e-04           2.15024748e+00          -9.00308377e-01           1.35551749e-02           2.09515934e+00           1.00252767e+00           8.76920334e-03
          -9.27670216e-01           7.46347308e-01           8.13263148e-03           2.02815545e-03           9.42886953e-04           2.15100596e+00          -9.08266727e-01           1.36161674e-02           2.12003789e+00           1.00210322e+00           8.86535354e-03
          -9.31255780e-01           7.48025000e-01           8.12362840e-03           2.02293257e-03           9.40086889e-04           2.15185702e+00          -9.16175151e-01           1.36758372e-02           2.14485968e+00           1.00167766e+00           8.95887884e-03
          -9.34802187e-01           7.49678492e-01           8.11496921e-03           2.01809874e-03           9.37512198e-04           2.15261065e+00          -9.24034464e-01           1.37341982e-02           2.17035180e+00           1.00125104e+00           9.05412022e-03
          -9.38309990e-01           7.51308322e-01           8.10655067e-03           2.01365021e-03           9.35118803e-04           2.15336298e+00          -9.31846571e-01           1.37912911e-02           2.19697638e+00           1.00082328e+00           9.14721688e-03
          -9.41779574e-01           7.52914727e-01           8.09795745e-03           2.00937563e-03           9.32848790e-04           2.15402073e+00          -9.39613478e-01           1.38474020e-02           2.22517784e+00           1.00039435e+00           9.24217499e-03
          -9.45211382e-01           7.54498065e-01           8.08899024e-03           2.00518691e-03           9.30655680e-04           2.15459590e+00          -9.47341150e-01           1.39026853e-02           2.25528325e+00           9.99963985e-01           9.33754620e-03
          -9.48605855e-01           7.56058752e-01           8.07993164e-03           2.00474531e-03           9.32505792e-04           2.14984757e+00          -9.55032925e-01           1.39572522e-02           2.28692758e+00           9.99531973e-01           9.43162417e-03
          -9.51963245e-01           7.57596910e-01           8.08910478e-03           2.00115873e-03           9.31000903e-04           2.14947024e+00          -9.62748325e-01           1.40126566e-02           2.32032112e+00           9.99098120e-01           9.52880372e-03
          -9.55283858e-01           7.59112894e-01           8.09679102e-03           1.99749140e-03           9.29489694e-04           2.14901942e+00          -9.70434278e-01           1.40677592e-02           2.35598814e+00           9.98662180e-01           9.62897201e-03
          -9.58567920e-01           7.60606825e-01           8.10264889e-03           1.99355600e-03           9.27904527e-04           2.14844948e+00          -9.78095271e-01           1.41227202e-02           2.39411444e+00           9.98223883e-01           9.73283968e-03
          -9.61815603e-01           7.62078881e-01           8.10666216e-03           1.98929420e-03           9.26213324e-04           2.14777109e+00          -9.85737624e-01           1.41776709e-02           2.43476523e+00           9.97782896e-01           9.83847388e-03
          -9.65027079e-01           7.63529360e-01           8.10880031e-03           1.98476192e-03           9.24419782e-04           2.14703532e+00          -9.93366038e-01           1.42327184e-02           2.47771278e+00           9.97338952e-01           9.94646293e-03
          -9.68202438e-01           7.64958322e-01           8.10901048e-03           1.97981596e-03           9.22492005e-04           2.14616057e+00          -1.00098564e+00           1.42879850e-02           2.52327352e+00           9.96891847e-01           1.00617212e-02
          -9.71341692e-01           7.66366005e-01           8.10732663e-03           1.97450198e-03           9.20410156e-04           2.14524141e+00          -1.00860088e+00           1.43435804e-02           2.57119460e+00           9.96441306e-01           1.01765935e-02
          -9.74444931e-01           7.67752588e-01           8.10375613e-03           1.96875474e-03           9.18166139e-04           2.14422495e+00          -1.01621591e+00           1.43995744e-02           2.62071101e+00           9.95987110e-01           1.02958331e-02
          -9.77512218e-01           7.69118428e-01           8.09853413e-03           1.96274138e-03           9.15795571e-04           2.14320907e+00          -1.02383229e+00           1.44559693e-02           2.67198717e+00           9.95529187e-01           1.04182508e-02
          -9.80543669e-01           7.70463705e-01           8.09157067e-03           1.95636885e-03           9.13277265e-04           2.14214120e+00          -1.03145222e+00           1.45127837e-02           2.72517608e+00           9.95067482e-01           1.05450956e-02
          -9.83539263e-01           7.71788657e-01           8.08282122e-03           1.94959365e-03           9.10595568e-04           2.14100938e+00          -1.03907560e+00           1.45700171e-02           2.78010469e+00           9.94601920e-01           1.06754708e-02
          -9.86499087e-01           7.73093522e-01           8.07210115e-03           1.94241549e-03           9.07733548e-04           2.13985205e+00          -1.04670154e+00           1.46276330e-02           2.83613968e+00           9.94132489e-01           1.08089842e-02
          -9.89423067e-01           7.74378478e-01           8.05932492e-03           1.93475311e-03           9.04686804e-04           2.13858885e+00          -1.05432757e+00           1.46856114e-02           2.89255843e+00           9.93659292e-01           1.09515056e-02
          -9.92310887e-01           7.75643706e-01           8.04446523e-03           1.92662358e-03           9.01423488e-04           2.13731238e+00          -1.06195122e+00           1.47439547e-02           2.94770072e+00           9.93182595e-01           1.10945025e-02
          -9.95162439e-01           7.76889801e-01           8.02822570e-03           1.91834247e-03           8.98028645e-04           2.13617069e+00          -1.06956837e+00           1.48026151e-02           2.99940665e+00           9.92702872e-01           1.12367552e-02
          -9.97977931e-01           7.78117538e-01           8.01132594e-03           1.91033963e-03           8.94622706e-04           2.13535787e+00          -1.07716794e+00           1.48614711e-02           3.04555332e+00           9.92220998e-01           1.13769461e-02
          -1.00075765e+00           7.79327631e-01           7.99435178e-03           1.90280584e-03           8.91281475e-04           2.13491012e+00          -1.08473670e+00           1.49203756e-02           3.08568043e+00           9.91737998e-01           1.15093097e-02
          -1.00350194e+00           7.80520797e-01           7.97792066e-03           1.89596679e-03           8.88085955e-04           2.13489108e+00          -1.09226146e+00           1.49791744e-02           3.11962374e+00           9.91254891e-01           1.16296253e-02
          -1.00621137e+00           7.81697810e-01           7.96265756e-03           1.89003409e-03           8.85130131e-04           2.13531776e+00          -1.09972980e+00           1.50377175e-02           3.14613088e+00           9.90772741e-01           1.17416049e-02
          -1.00888652e+00           7.82859445e-01           7.95921716e-03           1.88822613e-03           8.85722029e-04           2.13184958e+00          -1.10715895e+00           1.50968283e-02           3.16698754e+00           9.90292496e-01           1.18361793e-02
          -1.01152823e+00           7.84006417e-01           7.96147784e-03           1.88512048e-03           8.83870941e-04           2.13280060e+00          -1.11452112e+00           1.51556862e-02           3.18422455e+00           9.89814897e-01           1.19189831e-02
          -1.01413767e+00           7.85139322e-01           7.96577168e-03           1.88318581e-03           8.82418872e-04           2.13411779e+00          -1.12179939e+00           1.52138766e-02           3.20089718e+00           9.89340354e-01           1.19907719e-02
          -1.01671554e+00           7.86258042e-01           7.97116645e-03           1.88185547e-03           8.81253878e-04           2.13542944e+00          -1.12899288e+00           1.52713082e-02           3.22071328e+00           9.88868718e-01           1.20592216e-02
          -1.01926225e+00           7.87362456e-01           7.97686753e-03           1.88074269e-03           8.80280306e-04           2.13652705e+00          -1.13611016e+00           1.53279551e-02           3.24600069e+00           9.88399376e-01           1.21324034e-02
          -1.02177803e+00           7.88452327e-01           7.98192749e-03           1.87950506e-03           8.79364373e-04           2.13734502e+00          -1.14315978e+00           1.53838590e-02           3.27797374e+00           9.87931492e-01           1.22115956e-02
          -1.02426304e+00           7.89527476e-01           7.98555767e-03           1.87784498e-03           8.78409094e-04           2.13777953e+00          -1.15015330e+00           1.54390674e-02           3.31794058e+00           9.87464058e-01           1.22997524e-02
          -1.02671737e+00           7.90587664e-01           7.98680945e-03           1.87547424e-03           8.77282947e-04           2.13782138e+00          -1.15709896e+00           1.54936461e-02           3.36572992e+00           9.86996096e-01           1.24003932e-02
          -1.02914092e+00           7.91632593e-01           7.98510765e-03           1.87211496e-03           8.75877157e-04           2.13741727e+00          -1.16400539e+00           1.55476977e-02           3.41953966e+00           9.86526817e-01           1.25106214e-02
          -1.03153333e+00           7.92661905e-01           7.98008152e-03           1.86750679e-03           8.74150202e-04           2.13636831e+00          -1.17088311e+00           1.56013308e-02           3.47724501e+00           9.86055575e-01           1.26436206e-02
          -1.03389405e+00           7.93675721e-01           7.97219971e-03           1.86201924e-03           8.72102617e-04           2.13509191e+00          -1.17773945e+00           1.56546154e-02           3.53565046e+00           9.85582062e-01           1.27873102e-02
          -1.03622296e+00           7.94674456e-01           7.96221502e-03           1.85598361e-03           8.69808050e-04           2.13378527e+00          -1.18457566e+00           1.57075709e-02           3.59138376e+00           9.85106505e-01           1.29312706e-02
          -1.03852020e+00           7.95658708e-01           7.95090821e-03           1.84979776e-03           8.67348996e-04           2.13270295e+00          -1.19138475e+00           1.57601384e-02           3.64227925e+00           9.84629547e-01           1.30670908e-02
          -1.04078604e+00           7.96629012e-01           7.93908110e-03           1.84377633e-03           8.64845800e-04           2.13191338e+00          -1.19815861e+00           1.58122427e-02           3.68583152e+00           9.84152120e-01           1.32004142e-02
          -1.04302084e+00           7.97586024e-01           7.92753926e-03           1.83824132e-03           8.62411787e-04           2.13151228e+00          -1.20488600e+00           1.58638040e-02           3.72112976e+00           9.83675345e-01           1.33243442e-02
          -1.04522508e+00           7.98530281e-01           7.91689535e-03           1.83333316e-03           8.60122853e-04           2.13147825e+00          -1.21155683e+00           1.59147553e-02           3.74882309e+00           9.83200254e-01           1.34379860e-02
          -1.04739939e+00           7.99462497e-01           7.90786971e-03           1.82935412e-03           8.58049380e-04           2.13199166e+00          -1.21816263e+00           1.59650433e-02           3.76879568e+00           9.82727721e-01           1.35318569e-02
          -1.04954446e+00           8.00383270e-01           7.90092630e-03           1.82647521e-03           8.56264535e-04           2.13307352e+00          -1.22469107e+00           1.60145821e-02           3.78217791e+00           9.82258742e-01           1.36028089e-02
          -1.05166131e+00           8.01293075e-01           7.89611432e-03           1.82461362e-03           8.54825549e-04           2.13448653e+00          -1.23113432e+00           1.60632993e-02           3.79171418e+00           9.81793983e-01           1.36662767e-02
          -1.05375074e+00           8.02192152e-01           7.89317369e-03           1.82362499e-03           8.53700629e-04           2.13614109e+00          -1.23748664e+00           1.61111437e-02           3.80010314e+00           9.81333697e-01           1.37252717e-02
          -1.05581328e+00           8.03080440e-01           7.89161684e-03           1.82309147e-03           8.52815944e-04           2.13773146e+00          -1.24375016e+00           1.61580921e-02           3.81042032e+00           9.80877734e-01           1.37794372e-02
          -1.05784952e+00           8.03958058e-01           7.89106038e-03           1.82286838e-03           8.52110650e-04           2.13923905e+00          -1.24993015e+00           1.62041285e-02           3.82385842e+00           9.80425663e-01           1.38324000e-02
          -1.05985983e+00           8.04824948e-01           7.89102734e-03           1.82278836e-03           8.51530278e-04           2.14060311e+00          -1.25603247e+00           1.62492649e-02           3.84174056e+00           9.79976946e-01           1.38919102e-02
          -1.06184473e+00           8.05681229e-01           7.89124979e-03           1.82269662e-03           8.51002224e-04           2.14182357e+00          -1.26206364e+00           1.62935498e-02           3.86476353e+00           9.78987947e-01           1.39450997e-02
          -1.06380457e+00           8.06526780e-01           7.89132055e-03           1.82239391e-03           8.50498424e-04           2.14273637e+00          -1.26803173e+00           1.63370654e-02           3.89236152e+00           9.78545162e-01           1.40082626e-02
          -1.06573980e+00           8.07361782e-01           7.89119936e-03           1.82191997e-03           8.49983992e-04           2.14347563e+00          -1.27394502e+00           1.63799027e-02           3.92562582e+00           9.78103909e-01           1.40756924e-02
          -1.06765075e+00           8.08186114e-01           7.89254498e-03           1.82302744e-03           8.51610860e-04           2.14068130e+00          -1.27981610e+00           1.64223504e-02           3.96463869e+00           9.77663567e-01           1.41553055e-02
          -1.06953784e+00           8.09000015e-01           7.89751297e-03           1.82193276e-03           8.51116157e-04           2.14063938e+00          -1.28565905e+00           1.64647089e-02           4.00886947e+00           9.77223475e-01           1.42401848e-02
          -1.07140139e+00           8.09803486e-01           7.90098199e-03           1.82041638e-03           8.50498637e-04           2.14041070e+00          -1.29146692e+00           1.65065585e-02           4.05913549e+00           9.76783150e-01           1.43307911e-02
          -1.07324189e+00           8.10596704e-01           7.90278462e-03           1.81843676e-03           8.49738488e-04           2.13999576e+00          -1.29724737e+00           1.65479432e-02           4.11450357e+00           9.76342005e-01           1.44265973e-02
          -1.07505973e+00           8.11379790e-01           7.90274002e-03           1.81596279e-03           8.48808299e-04           2.13942630e+00          -1.30300464e+00           1.65888799e-02           4.17439749e+00           9.75899560e-01           1.45272829e-02
          -1.07685535e+00           8.12152862e-01           7.90075872e-03           1.81293692e-03           8.47694177e-04           2.13866861e+00          -1.30874344e+00           1.66294071e-02           4.23937817e+00           9.75455424e-01           1.46371579e-02
          -1.07862920e+00           8.12916040e-01           7.89657027e-03           1.80926998e-03           8.46376522e-04           2.13766561e+00          -1.31446923e+00           1.66695646e-02           4.30771927e+00           9.75009170e-01           1.47596028e-02
          -1.08038178e+00           8.13669622e-01           7.89023051e-03           1.80503074e-03           8.44839082e-04           2.13653792e+00          -1.32018443e+00           1.67093889e-02           4.37916011e+00           9.74560582e-01           1.48879202e-02
          -1.08211342e+00           8.14413607e-01           7.88130661e-03           1.80004361e-03           8.43046235e-04           2.13516594e+00          -1.32588782e+00           1.67488976e-02           4.45227881e+00           9.74109547e-01           1.50313442e-02
          -1.08382438e+00           8.15148175e-01           7.87013223e-03           1.79432264e-03           8.40999958e-04           2.13355854e+00          -1.33158822e+00           1.67881367e-02           4.52473405e+00           9.73655807e-01           1.51837346e-02
          -1.08551505e+00           8.15873802e-01           7.85701429e-03           1.78813652e-03           8.38722915e-04           2.13197527e+00          -1.33728690e+00           1.68271087e-02           4.59420504e+00           9.73199474e-01           1.53355985e-02
          -1.08718603e+00           8.16591024e-01           7.84264263e-03           1.78174796e-03           8.36294903e-04           2.13052591e+00          -1.34298368e+00           1.68658217e-02           4.65838363e+00           9.72740909e-01           1.54855525e-02
          -1.08883801e+00           8.17300498e-01           7.82762391e-03           1.77545761e-03           8.33801366e-04           2.12935321e+00          -1.34867475e+00           1.69042388e-02           4.71572160e+00           9.72280607e-01           1.56317437e-02
          -1.09047179e+00           8.18002820e-01           7.81253668e-03           1.76945247e-03           8.31315725e-04           2.12849633e+00          -1.35435546e+00           1.69423053e-02           4.76552631e+00           9.71819133e-01           1.57730329e-02
          -1.09208831e+00           8.18698704e-01           7.79808300e-03           1.76394532e-03           8.28885332e-04           2.12809330e+00          -1.36002035e+00           1.69799634e-02           4.80733030e+00           9.71357137e-01           1.58912914e-02
          -1.09368851e+00           8.19388688e-01           7.78468575e-03           1.75899750e-03           8.26588220e-04           2.12802149e+00          -1.36566662e+00           1.70171544e-02           4.84121994e+00           9.70895085e-01           1.59979769e-02
          -1.09527351e+00           8.20073605e-01           7.77321766e-03           1.75497265e-03           8.24522042e-04           2.12847269e+00          -1.37129570e+00           1.70538427e-02           4.86902876e+00           9.70433252e-01           1.60905068e-02
          -1.09684457e+00           8.20754170e-01           7.76389910e-03           1.75196907e-03           8.22732735e-04           2.12945103e+00          -1.37690276e+00           1.70899663e-02           4.89396546e+00           9.69971907e-01           1.61654161e-02
          -1.09840320e+00           8.21431160e-01           7.75666120e-03           1.75000073e-03           8.21215181e-04           2.13098926e+00          -1.38247861e+00           1.71254536e-02           4.91823208e+00           9.69954959e-01           1.62090099e-02
          -1.09995083e+00           8.22104752e-01           7.75066329e-03           1.74861622e-03           8.19906531e-04           2.13270190e+00          -1.38802110e+00           1.71602640e-02           4.94559362e+00           9.69496676e-01           1.62505058e-02
          -1.10148860e+00           8.22775185e-01           7.74548716e-03           1.74747815e-03           8.18761425e-04           2.13429468e+00          -1.39354168e+00           1.71944157e-02           4.98035607e+00           9.69038442e-01           1.63016384e-02
          -1.10301767e+00           8.23442697e-01           7.74030474e-03           1.74631731e-03           8.17676484e-04           2.13570690e+00          -1.39904725e+00           1.72279126e-02           5.02370290e+00           9.68579662e-01           1.63523591e-02
          -1.10453908e+00           8.24107408e-01           7.73610755e-03           1.74328094e-03           8.14898133e-04           2.13926240e+00          -1.40455067e+00           1.72609612e-02           5.07839563e+00           9.68115004e-01           1.64229362e-02
          -1.10605388e+00           8.24769497e-01           7.73211299e-03           1.74119739e-03           8.13756123e-04           2.13970419e+00          -1.41006228e+00           1.72936124e-02           5.14553166e+00           9.67643381e-01           1.65157541e-02
          -1.10756297e+00           8.25429022e-01           7.72600947e-03           1.73809593e-03           8.12379296e-04           2.13951284e+00          -1.41559076e+00           1.73258020e-02           5.22441124e+00           9.67166905e-01           1.66314772e-02
          -1.10906732e+00           8.26086223e-01           7.71713665e-03           1.73377987e-03           8.10669614e-04           2.13870094e+00          -1.42114609e+00           1.73575920e-02           5.31334275e+00           9.66684394e-01           1.67758293e-02
          -1.11056758e+00           8.26741099e-01           7.70494992e-03           1.72794360e-03           8.08549943e-04           2.13708950e+00          -1.42674550e+00           1.73890527e-02           5.40893347e+00           9.66194651e-01           1.69535633e-02
          -1.11206418e+00           8.27394128e-01           7.68989450e-03           1.72087407e-03           8.06041941e-04           2.13496839e+00          -1.43241590e+00           1.74202543e-02           5.50740262e+00           9.65696482e-01           1.71575368e-02
          -1.11355828e+00           8.28046381e-01           7.67264716e-03           1.71314615e-03           8.03197304e-04           2.13290824e+00          -1.43816819e+00           1.74511888e-02           5.60469074e+00           9.65189428e-01           1.73556793e-02
          -1.11505116e+00           8.28698874e-01           7.65391339e-03           1.70515038e-03           8.00132363e-04           2.13108538e+00          -1.44400615e+00           1.74817994e-02           5.69629144e+00           9.64673574e-01           1.75501213e-02
          -1.11654440e+00           8.29352796e-01           7.63456279e-03           1.69735905e-03           7.96976271e-04           2.12974854e+00          -1.44993448e+00           1.75120027e-02           5.78120662e+00           9.64149091e-01           1.77324269e-02
          -1.11803971e+00           8.30009341e-01           7.61555449e-03           1.69013510e-03           7.93875339e-04           2.12896788e+00          -1.45596129e+00           1.75416852e-02           5.86005183e+00           9.63615922e-01           1.79023367e-02
          -1.11953918e+00           8.30670059e-01           7.59795701e-03           1.68401793e-03           7.90945911e-04           2.12911895e+00          -1.46209351e+00           1.75707301e-02           5.93547407e+00           9.63073921e-01           1.80287196e-02
          -1.12104513e+00           8.31336379e-01           7.58214915e-03           1.67932320e-03           7.88296771e-04           2.13031851e+00          -1.46832679e+00           1.75989928e-02           6.01584601e+00           9.62522969e-01           1.81190734e-02
          -1.12256104e+00           8.32009852e-01           7.56738785e-03           1.67589624e-03           7.85906248e-04           2.13243786e+00          -1.47465073e+00           1.76263071e-02           6.10765370e+00           9.61962451e-01           1.81801780e-02
          -1.12408968e+00           8.32690895e-01           7.55149907e-03           1.67268590e-03           7.83576224e-04           2.13468180e+00          -1.48106375e+00           1.76525788e-02           6.22290344e+00           9.61559902e-01           1.82469520e-02
          -1.12563325e+00           8.33379448e-01           7.53176443e-03           1.66843162e-03           7.81032997e-04           2.13618583e+00          -1.48758417e+00           1.76778068e-02           6.37105850e+00           9.60986122e-01           1.83623747e-02
          -1.12719364e+00           8.34075272e-01           7.50507674e-03           1.66183072e-03           7.77852763e-04           2.13643352e+00          -1.49423850e+00           1.77020550e-02           6.55413725e+00           9.60395635e-01           1.85458237e-02
          -1.12877235e+00           8.34778011e-01           7.46788794e-03           1.65161102e-03           7.73643249e-04           2.13484836e+00          -1.50104196e+00           1.77254414e-02           6.77841374e+00           9.59785414e-01           1.88316108e-02
          -1.13036994e+00           8.35486591e-01           7.41689506e-03           1.63613480e-03           7.67962341e-04           2.13048832e+00          -1.50804175e+00           1.77481248e-02           7.02832699e+00           9.59150803e-01           1.92693874e-02
          -1.13198471e+00           8.36200416e-01           7.35257215e-03           1.61548053e-03           7.60624716e-04           2.12388646e+00          -1.51536135e+00           1.77703433e-02           7.29350655e+00           9.58485201e-01           1.98349064e-02
          -1.13361616e+00           8.36921632e-01           7.27795566e-03           1.59184805e-03           7.51925585e-04           2.11702871e+00          -1.52310685e+00           1.77921967e-02           7.56447843e+00           9.57782514e-01           2.04403953e-02
          -1.13526572e+00           8.37653995e-01           7.19730549e-03           1.56807681e-03           7.42444807e-04           2.11204495e+00          -1.53131497e+00           1.78134973e-02           7.80604156e+00           9.57040916e-01           2.09960912e-02
          -1.13693599e+00           8.38401794e-01           7.11446485e-03           1.54698015e-03           7.32782959e-04           2.11110279e+00          -1.53996014e+00           1.78339302e-02           8.04765153e+00           9.56310126e-01           2.14097374e-02
          -1.13863281e+00           8.39170515e-01           7.02515395e-03           1.53000643e-03           7.23145872e-04           2.11576459e+00          -1.54876260e+00           1.78531621e-02           8.27112957e+00           9.55481234e-01           2.16416206e-02
          -1.14036657e+00           8.39959920e-01           6.91271005e-03           1.51007131e-03           7.11877203e-04           2.12125252e+00          -1.55728302e+00           1.78713420e-02           8.43938434e+00           9.54639635e-01           2.19780950e-02
          -1.14213323e+00           8.40755999e-01           6.76338674e-03           1.47044190e-03           6.94674848e-04           2.11673405e+00          -1.56495926e+00           1.78900386e-02           8.49689517e+00           9.53808340e-01           2.30623257e-02
          -1.14714545e+00           8.43019486e-01           6.31151271e-03           1.30384099e-03           6.34898387e-04           2.05362152e+00          -1.58988584e+00           1.79467280e-02           4.59339709e+00           9.51445533e-01           2.85286309e-02
          -1.14839904e+00           8.43703687e-01           6.39408708e-03           1.37649372e-03           6.47126064e-04           2.12708744e+00          -1.58584634e+00           1.79511602e-02           2.12464677e+00           9.51422441e-01           2.38693142e-02
          -1.14947086e+00           8.44383478e-01           6.75970442e-03           1.56870069e-03           6.87842504e-04           2.28061029e+00          -1.56200662e+00           1.79614490e-02           7.31385548e-01           9.51681648e-01           1.56498258e-02
          -1.15044802e+00           8.45088244e-01           7.32446086e-03           1.87937759e-03           7.43790207e-04           2.52675765e+00          -1.52285322e+00           1.79780133e-02           5.39105964e-01           9.52304979e-01           7.52261639e-03
          -1.15136721e+00           8.45804930e-01           7.83922991e-03           2.26378162e-03           7.93658325e-04           2.85233777e+00          -1.48291998e+00           1.79901581e-02           6.37125181e-01           9.53086125e-01           2.35009019e-03
          -1.15221414e+00           8.46498787e-01           8.49382138e-03           2.71985104e-03           8.47385848e-04           3.20969608e+00          -1.43218544e+00           1.80187008e-02           1.15330610e+00           9.54400213e-01          -3.35028341e-04
          -1.15296480e+00           8.47153842e-01           9.37607559e-03           3.34884854e-03           9.27314048e-04           3.61134240e+00          -1.33735585e+00           1.80676734e-02           1.79761848e+00           9.55373026e-01          -1.71500123e-03
          -1.15366698e+00           8.47810268e-01           1.08903459e-02           4.27005627e-03           1.04421626e-03           4.08924514e+00          -1.21481017e+00           1.81659547e-02           2.69256385e+00           9.52489277e-01          -2.08459123e-03
          -1.15439343e+00           8.48514736e-01           1.22869485e-02           5.31545207e-03           1.13278802e-03           4.69236253e+00          -1.13158920e+00           1.82763642e-02           3.15286393e+00           9.52832178e-01          -1.88825691e-03
          -1.15514294e+00           8.49249482e-01           1.32043409e-02           6.31523891e-03           1.17164202e-03           5.39007548e+00          -1.08585075e+00           1.83779799e-02           3.49610268e+00           9.53016810e-01          -1.68687621e-03
          -1.15585912e+00           8.49956036e-01           1.45637704e-02           7.45430857e-03           1.22222542e-03           6.09896377e+00          -1.03161368e+00           1.86195124e-02           3.32730993e+00           9.53686709e-01          -1.61171194e-03
          -1.15653548e+00           8.50628912e-01           1.62428547e-02           8.96472253e-03           1.30017695e-03           6.89500191e+00          -9.48194782e-01           1.91310898e-02           3.01875226e+00           9.54390415e-01          -1.59066639e-03
          -1.15718896e+00           8.51282179e-01           1.84979106e-02           1.08975811e-02           1.41536900e-03           7.69946288e+00          -8.81143214e-01           2.01736724e-02           2.51519017e+00           9.54613709e-01          -1.52494823e-03
          -1.15782678e+00           8.51919293e-01           2.17969558e-02           1.32698860e-02           1.64379960e-03           8.07269090e+00          -9.69234551e-01           2.20656526e-02           1.66410310e+00           9.53320277e-01          -1.34880368e-03
          -1.15845120e+00           8.52539420e-01           2.60145459e-02           1.63041313e-02           1.90853325e-03           8.54275468e+00          -1.03875136e+00           2.56628974e-02           9.04386857e-01           9.51131314e-01          -1.04520026e-03
          -1.15906279e+00           8.53140533e-01           3.16434210e-02           2.04002595e-02           2.22591656e-03           9.16488059e+00          -1.08578098e+00           3.29498584e-02           9.38190651e-01           9.48783818e-01          -6.41280645e-04
          -1.15966035e+00           8.53718758e-01           4.05330938e-02           2.63167722e-02           2.67282946e-03           9.84603492e+00          -1.09033880e+00           4.94505398e-02           2.69617754e+00           9.46641567e-01          -1.98902199e-04
          -1.16024504e+00           8.54272127e-01           5.18019815e-02           3.46484366e-02           3.02378533e-03           1.14586298e+01          -1.02835795e+00           7.65153434e-02           5.23520260e+00           9.45025266e-01           2.06019207e-04
          -1.16081916e+00           8.54799330e-01           5.13180514e-02           4.00561686e-02           1.40383141e-03           2.85334610e+01          -6.83688350e-01           1.02451973e-01           3.23059170e+00           9.43958541e-01           4.88716587e-04
          -1.16138706e+00           8.55300427e-01           5.09131561e-02           4.07962012e-02           1.30258138e-03           3.13195029e+01          -4.30694547e-01           9.40753784e-02          -3.39139308e-01           9.43299628e-01           5.95170489e-04
          -1.16195646e+00           8.55779111e-01           5.06203633e-02           3.47945555e-02           4.86945672e-03           7.14546970e+00          -4.07538856e-01           9.66959347e-02           4.75804402e-01           9.42982721e-01           5.32521896e-04
          -1.16253090e+00           8.56236398e-01           5.04404635e-02           2.93500744e-02           6.75254146e-03           4.34652265e+00          -5.13994049e-01           1.02860695e-01           1.61649605e+00           9.42917887e-01           3.47979470e-04
          -1.16311251e+00           8.56671929e-01           5.03296725e-02           2.64987816e-02           7.39310732e-03           3.58425496e+00          -6.70058022e-01           1.04472755e-01           1.82672339e+00           9.42873232e-01           9.95560254e-05
          -1.16370395e+00           8.57085764e-01           5.03176679e-02           2.49118017e-02           7.66591009e-03           3.24968614e+00          -8.32298678e-01           9.95274950e-02           1.91222771e+00           9.42730551e-01          -1.52969556e-04
          -1.16430890e+00           8.57479811e-01           5.03511186e-02           2.38937069e-02           7.81763497e-03           3.05638560e+00          -9.80596814e-01           9.00992958e-02           2.02749544e+00           9.42536402e-01          -3.64795441e-04
          -1.16492831e+00           8.57855320e-01           5.04378719e-02           2.30991181e-02           7.90633005e-03           2.92159801e+00          -1.10539691e+00           7.92361035e-02           2.12263688e+00           9.42218160e-01          -5.22538544e-04
          -1.16556025e+00           8.58212829e-01           5.05577963e-02           2.23768839e-02           7.95231298e-03           2.81388370e+00          -1.20973693e+00           6.81696073e-02           2.16156322e+00           9.41945227e-01          -6.42449873e-04
          -1.16619458e+00           8.58546197e-01           5.07273194e-02           2.16290502e-02           7.94981485e-03           2.72069862e+00          -1.30528146e+00           5.64577659e-02           2.22654306e+00           9.41659384e-01          -7.50515235e-04
          -1.16682627e+00           8.58847261e-01           5.09744414e-02           2.07502880e-02           7.86774925e-03           2.63738553e+00          -1.39182762e+00           4.43225299e-02           2.25583663e+00           9.41363652e-01          -8.38837369e-04
          -1.16745522e+00           8.59109759e-01           4.77601984e-02           1.89968040e-02           7.35071606e-03           2.58434741e+00          -1.42662785e+00           4.01837390e-02           2.29845968e+00           9.41079675e-01          -8.63442160e-04
          -1.16808479e+00           8.59328747e-01           4.48480193e-02           1.74688383e-02           6.89897643e-03           2.53209131e+00          -1.45036857e+00           3.65119925e-02           2.25759524e+00           9.40827973e-01          -7.63114091e-04
          -1.16872066e+00           8.59501362e-01           4.18599834e-02           1.60767224e-02           6.47235608e-03           2.48390574e+00          -1.45499002e+00           3.44871104e-02           2.19103543e+00           9.40622063e-01          -4.68980866e-04
          -1.16936657e+00           8.59623671e-01           3.93757946e-02           1.49036945e-02           6.11588977e-03           2.43688083e+00          -1.44466491e+00           3.26991559e-02           2.10389821e+00           9.40452851e-01           7.24134798e-05
          -1.17002836e+00           8.59689713e-01           3.74264319e-02           1.39644771e-02           5.83693992e-03           2.39243118e+00          -1.41982452e+00           3.08815517e-02           1.99796090e+00           9.40360125e-01           8.43207247e-04
