               variables=             ss           x_bl          delta        delta_1        delta_2              H             Ue            tke            dps            rho          tau_w
          -7.96901483e-04          -1.64805000e-05           2.56648950e-02          -4.58967103e-03          -7.31650152e-03           6.27304050e-01          -1.16321453e+00           2.32500630e-03          -1.66615283e+01           9.69246014e-01           5.59881275e-02
          -1.58568877e-03           2.70014000e-05           2.59388906e-02          -5.06265538e-03          -8.08660197e-03           6.26054726e-01          -1.12098373e+00           2.32945542e-03          -1.64699502e+01           9.71885976e-01           6.11569840e-02
          -2.37062817e-03           1.14192300e-04           2.62952593e-02          -5.59798660e-03          -8.98654352e-03           6.22929893e-01          -1.07483398e+00           2.33333813e-03          -1.60844401e+01           9.74717502e-01           6.57934872e-02
          -3.15386860e-03           2.45524300e-04           2.66040601e-02          -6.15400329e-03          -9.95425983e-03           6.18228115e-01          -1.02682327e+00           2.33871913e-03          -1.56276423e+01           9.77701882e-01           7.03641812e-02
          -3.93584542e-03           4.21181600e-04           2.64397527e-02          -6.59662804e-03          -1.07608260e-02           6.13022458e-01          -9.81160559e-01           2.35320970e-03          -1.54169060e+01           9.80827781e-01           7.57093728e-02
          -4.71195179e-03           6.41035700e-04           2.67884782e-02          -7.36658981e-03          -1.21890672e-02           6.04360424e-01          -9.21864277e-01           2.36064103e-03          -1.47086140e+01           9.84224423e-01           8.31455165e-02
          -5.47528608e-03           9.12058100e-04           2.70554581e-02          -8.42859714e-03          -1.43014436e-02           5.89352892e-01          -8.48259760e-01           2.37378562e-03          -1.39417343e+01           9.88080951e-01           9.17042210e-02
          -6.23077008e-03           1.24760800e-03           2.78867508e-02          -1.03077061e-02          -1.83177266e-02           5.62717544e-01          -7.49746147e-01           2.38173877e-03          -1.26691573e+01           9.91619044e-01           9.72252489e-02
          -6.99844035e-03           1.66647300e-03           2.83415921e-02          -1.25553724e-02          -2.36855407e-02           5.30085953e-01          -6.48303459e-01           2.40077612e-03          -1.15712538e+01           9.96116621e-01           9.52820997e-02
          -7.80963912e-03           2.18049810e-03           2.85008634e-02          -1.47678118e-02          -2.95056592e-02           5.00507773e-01          -5.61300561e-01           2.42558452e-03          -1.06810562e+01           1.00015594e+00           8.79318706e-02
          -8.67473835e-03           2.78583030e-03           2.84936687e-02          -1.68440098e-02          -3.54126529e-02           4.75649477e-01          -4.88936148e-01           2.45320246e-03          -1.00450064e+01           1.00372405e+00           8.11810231e-02
          -9.56985904e-03           3.46094000e-03           2.85173950e-02          -2.03987450e-02          -4.67935206e-02           4.35930974e-01          -4.02984352e-01           2.48556394e-03          -9.24896645e+00           1.00742029e+00           7.91461322e-02
          -1.04741445e-02           4.21054100e-03           2.85380154e-02          -2.89973157e-02          -8.09278193e-02           3.58310849e-01          -2.84982852e-01           2.53123857e-03          -8.01690608e+00           1.01155224e+00           7.47908080e-02
          -1.14485937e-02           5.09649930e-03           2.86169183e-02          -4.88638255e-02          -1.92381233e-01           2.53994763e-01          -1.67464136e-01           2.58373037e-03          -7.00546317e+00           1.01532393e+00           6.25728465e-02
          -1.25660989e-02           6.16818340e-03           2.77586978e-02          -8.69998051e-02          -5.41532222e-01           1.60654900e-01          -8.71536935e-02           2.66408142e-03          -6.49190901e+00           1.01832211e+00           4.84503832e-02
          -1.38579878e-02           7.44136840e-03           2.72934657e-02          -2.71239558e-01          -4.61890881e+00           5.87237310e-02          -2.56525580e-02           2.73481209e-03          -5.99260636e+00           1.02061219e+00           3.64368089e-02
          -1.51652207e-02           8.74518230e-03           2.61438738e-02           3.28033971e-01          -6.09677010e+00          -5.38045500e-02           1.86988570e-02           2.82904777e-03          -5.59659566e+00           1.02244468e+00           2.77550717e-02
          -1.64704700e-02           1.00500584e-02           2.48423758e-02           9.67633843e-02          -4.75526092e-01          -2.03487014e-01           5.48771410e-02           2.93284270e-03          -5.14624071e+00           1.02391735e+00           2.09651165e-02
          -1.78204773e-02           1.13910269e-02           2.36800413e-02           5.86815164e-02          -1.55525104e-01          -3.77312183e-01           7.74585400e-02           3.02991274e-03          -4.68751529e+00           1.02497064e+00           1.48585786e-02
          -1.92354271e-02           1.27860196e-02           2.26663776e-02           4.36605413e-02          -7.64768205e-02          -5.70899012e-01           8.81501203e-02           3.11408019e-03          -4.26790955e+00           1.02569272e+00           1.05657214e-02
          -2.06546113e-02           1.41751943e-02           2.13564104e-02           3.26197445e-02          -3.66420800e-02          -8.90226332e-01           9.69125014e-02           3.21508192e-03          -3.80409134e+00           1.02628887e+00           7.53997738e-03
          -2.20728167e-02           1.55435810e-02           1.90438084e-02           2.39411678e-02          -1.68562438e-02          -1.42031452e+00           9.85188887e-02           3.37474169e-03          -3.29209626e+00           1.02678135e+00           4.98818464e-03
          -2.35288825e-02           1.69223230e-02           1.70640305e-02           1.71601232e-02          -5.66975345e-03          -3.02660836e+00           1.01113303e-01           3.52562901e-03          -2.66174522e+00           1.02713896e+00           2.90429097e-03
          -2.50370554e-02           1.83244478e-02           1.36997468e-02           1.15469038e-02          -9.36840334e-04          -1.23253700e+01           8.57394298e-02           3.79253434e-03          -1.96539762e+00           1.02745613e+00           1.22770279e-03
          -2.66019073e-02           1.97541881e-02           3.72586811e-03           2.03577682e-03           5.45123846e-04           3.73452168e+00          -4.32609235e-02           5.44404469e-03          -5.12004604e-01           1.02760358e+00           1.06147614e-04
          -2.82297578e-02           2.12176666e-02           1.49100414e-03           5.76538642e-04           2.03482645e-04           2.83335536e+00          -3.47444709e-02           4.59722957e-03           6.23540694e-01           1.02768823e+00           9.27512630e-04
          -2.99260026e-02           2.27207951e-02           1.94119191e-03           6.84950694e-04           2.65575917e-04           2.57911448e+00          -6.59112833e-02           4.95389794e-03           7.54463386e-01           1.02772279e+00           1.57419319e-03
          -3.16969713e-02           2.42714547e-02           2.21058482e-03           7.62702451e-04           3.07208921e-04           2.48268328e+00          -9.20058205e-02           4.92259835e-03           1.08274172e+00           1.02772387e+00           2.02333490e-03
          -3.35474095e-02           2.58779787e-02           2.48265013e-03           8.23605521e-04           3.34476173e-04           2.46237426e+00          -1.14202476e-01           4.78250419e-03           1.11654544e+00           1.02770099e+00           2.33704172e-03
          -3.54746760e-02           2.75433734e-02           2.66842859e-03           8.78296482e-04           3.55661257e-04           2.46947472e+00          -1.33569925e-01           4.65636517e-03           1.12479372e+00           1.02766129e+00           2.55972351e-03
          -3.74722895e-02           2.92636398e-02           2.89778723e-03           9.47069273e-04           3.92635976e-04           2.41207972e+00          -1.50455168e-01           4.50675465e-03           1.12001570e+00           1.02760955e+00           2.71425621e-03
          -3.95397701e-02           3.10387891e-02           3.07892177e-03           1.00304225e-03           4.14713389e-04           2.41863965e+00          -1.65447340e-01           4.38007922e-03           1.04497185e+00           1.02754913e+00           2.81253079e-03
          -4.16782373e-02           3.28704379e-02           3.26296329e-03           1.07101193e-03           4.47730961e-04           2.39208815e+00          -1.78758820e-01           4.26207714e-03           9.93378277e-01           1.02748295e+00           2.86480227e-03
          -4.38896383e-02           3.47611606e-02           3.46434306e-03           1.13108433e-03           4.71853099e-04           2.39711117e+00          -1.90482406e-01           4.14614584e-03           9.09869938e-01           1.02741422e+00           2.88384296e-03
          -4.61763695e-02           3.67141925e-02           3.63013824e-03           1.19183484e-03           4.94329446e-04           2.41101324e+00          -2.01010326e-01           4.04917181e-03           8.32957712e-01           1.02734425e+00           2.87373865e-03
          -4.85409440e-02           3.87331732e-02           3.82603939e-03           1.26420459e-03           5.28552608e-04           2.39182358e+00          -2.10333872e-01           3.95430101e-03           7.62220924e-01           1.02727521e+00           2.84625494e-03
          -5.09854475e-02           4.08216640e-02           4.01609241e-03           1.32794212e-03           5.53089285e-04           2.40095434e+00          -2.18642603e-01           3.86800850e-03           6.84607287e-01           1.02720845e+00           2.80534375e-03
          -5.35112828e-02           4.29824255e-02           4.17800942e-03           1.39114811e-03           5.75997106e-04           2.41519983e+00          -2.26186229e-01           3.79582212e-03           6.26441361e-01           1.02714487e+00           2.75620174e-03
          -5.61204723e-02           4.52187173e-02           4.36957373e-03           1.46527395e-03           6.10373049e-04           2.40062034e+00          -2.32908036e-01           3.72605001e-03           5.62299952e-01           1.02708530e+00           2.70084255e-03
          -5.88150010e-02           4.75340076e-02           4.55696721e-03           1.53025188e-03           6.35089121e-04           2.40950730e+00          -2.38961661e-01           3.66322816e-03           5.12994644e-01           1.02702965e+00           2.64232797e-03
          -6.15964511e-02           4.99316864e-02           4.71944004e-03           1.59349160e-03           6.58171607e-04           2.42108833e+00          -2.44528029e-01           3.61112091e-03           4.68372590e-01           1.02697823e+00           2.58553497e-03
          -6.44654250e-02           5.24145626e-02           4.87725835e-03           1.66387402e-03           6.90423615e-04           2.40993208e+00          -2.49639099e-01           3.56592635e-03           4.30695540e-01           1.02693094e+00           2.53414830e-03
          -6.74195533e-02           5.49826771e-02           5.05761681e-03           1.72185464e-03           7.13523849e-04           2.41317041e+00          -2.54248629e-01           3.52140746e-03           4.00871354e-01           1.02688756e+00           2.49254595e-03
          -7.04551908e-02           5.76327853e-02           5.21359563e-03           1.77682154e-03           7.34807914e-04           2.41807621e+00          -2.58538388e-01           3.48457739e-03           3.69359057e-01           1.02684800e+00           2.45345123e-03
          -7.35718103e-02           6.03634603e-02           5.35519275e-03           1.83142258e-03           7.54929427e-04           2.42595203e+00          -2.62514401e-01           3.45395885e-03           3.38423939e-01           1.02681211e+00           2.40971064e-03
          -7.67705852e-02           6.31745607e-02           5.49053772e-03           1.88808538e-03           7.74654087e-04           2.43732707e+00          -2.66159697e-01           3.42836963e-03           3.04623218e-01           1.02677960e+00           2.35761598e-03
          -8.00548484e-02           6.60676360e-02           5.66410638e-03           1.96270850e-03           8.08856352e-04           2.42652295e+00          -2.69349379e-01           3.40135280e-03           2.66226171e-01           1.02674998e+00           2.29246923e-03
          -8.34329189e-02           6.90496787e-02           5.84516777e-03           2.03416849e-03           8.34025387e-04           2.43897670e+00          -2.72152450e-01           3.37599581e-03           2.32446850e-01           1.02672283e+00           2.21429623e-03
          -8.69117545e-02           7.21290112e-02           6.02381910e-03           2.10941342e-03           8.59994877e-04           2.45282091e+00          -2.74596353e-01           3.35382148e-03           1.96282920e-01           1.02669765e+00           2.13441365e-03
          -9.79938219e-02           8.20161849e-02           6.52763735e-03           2.32783401e-03           9.36343896e-04           2.48608874e+00          -2.80156336e-01           3.30987957e-03           1.33335670e-01           1.02663082e+00           1.94406084e-03
          -1.01905859e-01           8.55384469e-02           6.69093286e-03           2.41075247e-03           9.74581790e-04           2.47362766e+00          -2.81573068e-01           3.29513169e-03           1.21654717e-01           1.02661327e+00           1.88703294e-03
          -1.05922852e-01           8.91719013e-02           6.86234970e-03           2.47986621e-03           1.00018624e-03           2.47940445e+00          -2.82767087e-01           3.28127282e-03           1.03503767e-01           1.02659838e+00           1.83515672e-03
          -1.10045615e-01           9.29177627e-02           7.02833853e-03           2.54858018e-03           1.02541896e-03           2.48540381e+00          -2.83773310e-01           3.27109162e-03           9.29864958e-02           1.02658633e+00           1.78480823e-03
          -1.14275456e-01           9.67775211e-02           7.19158573e-03           2.61800410e-03           1.05053293e-03           2.49207239e+00          -2.84584764e-01           3.26488185e-03           7.67803137e-02           1.02657744e+00           1.73401336e-03
          -1.18614965e-01           1.00753687e-01           7.35550828e-03           2.69017915e-03           1.07594682e-03           2.50029006e+00          -2.85196324e-01           3.26284207e-03           6.32084099e-02           1.02668073e+00           1.67997517e-03
          -1.23069215e-01           1.04851082e-01           7.52360280e-03           2.76729606e-03           1.10217480e-03           2.51075970e+00          -2.85614664e-01           3.26514530e-03           5.01612914e-02           1.02668302e+00           1.62128355e-03
          -1.27648389e-01           1.09081328e-01           7.69440556e-03           2.84776737e-03           1.12910555e-03           2.52214451e+00          -2.85870048e-01           3.27170090e-03           3.88977833e-02           1.02668729e+00           1.56225180e-03
          -1.32356663e-01           1.13453083e-01           7.85811637e-03           2.92368704e-03           1.15550953e-03           2.53021457e+00          -2.86008504e-01           3.28238842e-03           3.47485491e-02           1.02669318e+00           1.51478354e-03
          -1.37189470e-01           1.17966808e-01           8.00351396e-03           2.98717647e-03           1.17964490e-03           2.53226752e+00          -2.86066891e-01           3.29712866e-03           3.31325899e-02           1.02670050e+00           1.48452406e-03
          -1.42134203e-01           1.22611262e-01           8.13027825e-03           3.03950992e-03           1.20105842e-03           2.53069282e+00          -2.86069024e-01           3.31554187e-03           3.21073103e-02           1.02670874e+00           1.46423085e-03
          -1.47187322e-01           1.27381116e-01           8.24785137e-03           3.08860220e-03           1.22080668e-03           2.52996830e+00          -2.86028677e-01           3.33642987e-03           3.11278447e-02           1.02671715e+00           1.44237654e-03
          -1.52353708e-01           1.32279724e-01           8.36439385e-03           3.13989627e-03           1.24017878e-03           2.53180938e+00          -2.85954399e-01           3.35828231e-03           2.54524089e-02           1.02672527e+00           1.41518564e-03
          -1.57638659e-01           1.37313083e-01           8.48000555e-03           3.19247732e-03           1.25946048e-03           2.53479753e+00          -2.85856532e-01           3.38031673e-03           2.42327479e-02           1.02673339e+00           1.38746253e-03
          -1.63046201e-01           1.42486557e-01           8.59277210e-03           3.24436860e-03           1.27845730e-03           2.53772152e+00          -2.85753744e-01           3.40260637e-03           2.36990385e-02           1.02674205e+00           1.36116545e-03
          -1.68578533e-01           1.47805139e-01           8.69275546e-03           3.28737704e-03           1.29598661e-03           2.53658256e+00          -2.85666975e-01           3.42551047e-03           2.33162401e-02           1.02675143e+00           1.34590428e-03
          -1.74226031e-01           1.53262302e-01           8.76674676e-03           3.31302473e-03           1.30990820e-03           2.52920376e+00          -2.85609828e-01           3.44895194e-03           3.41952607e-02           1.02676142e+00           1.34640654e-03
          -1.79968949e-01           1.58836782e-01           8.81963992e-03           3.32841417e-03           1.32022120e-03           2.52110341e+00          -2.85604160e-01           3.47267884e-03           3.01036654e-02           1.02677181e+00           1.35004403e-03
          -1.85810522e-01           1.64527357e-01           8.87246574e-03           3.34840128e-03           1.32999735e-03           2.51759996e+00          -2.85661078e-01           3.49610407e-03           3.85022268e-02           1.02678212e+00           1.34520304e-03
          -1.91770064e-01           1.70354351e-01           8.92069342e-03           3.36683328e-03           1.33901259e-03           2.51441494e+00          -2.85788522e-01           3.51826191e-03           4.09036120e-02           1.02679158e+00           1.33959404e-03
          -1.97832422e-01           1.76306441e-01           8.93948678e-03           3.33886653e-03           1.32061249e-03           2.52827120e+00          -2.86003241e-01           3.53939683e-03           4.31268325e-02           1.02679978e+00           1.35960221e-03
          -2.03964046e-01           1.82346404e-01           8.95493573e-03           3.33016553e-03           1.32427494e-03           2.51470857e+00          -2.86322881e-01           3.55911146e-03           6.17697657e-02           1.02680662e+00           1.37969418e-03
          -2.10179963e-01           1.88483641e-01           8.98384946e-03           3.33510638e-03           1.32913090e-03           2.50923846e+00          -2.86727683e-01           3.57972381e-03           5.28858480e-02           1.02681192e+00           1.37824451e-03
          -2.16501195e-01           1.94740877e-01           9.00319378e-03           3.33588969e-03           1.33272309e-03           2.50306289e+00          -2.87200621e-01           3.60149113e-03           5.35905137e-02           1.02681556e+00           1.38269761e-03
          -2.22893370e-01           2.01084152e-01           8.99890714e-03           3.32338626e-03           1.33308435e-03           2.49300523e+00          -2.87741913e-01           3.62425882e-03           6.86467420e-02           1.02681728e+00           1.40459004e-03
          -2.29349735e-01           2.07501084e-01           9.01117326e-03           3.32536438e-03           1.33552011e-03           2.48993959e+00          -2.88331313e-01           3.64820861e-03           5.94896049e-02           1.02681640e+00           1.40674249e-03
          -2.35920926e-01           2.14042321e-01           9.03211649e-03           3.33385666e-03           1.33913224e-03           2.48956494e+00          -2.88975738e-01           3.67205969e-03           5.82403158e-02           1.02681210e+00           1.39897114e-03
          -2.42566588e-01           2.20670268e-01           8.99379992e-03           3.30036567e-03           1.33513485e-03           2.47193433e+00          -2.89690733e-01           3.69816020e-03           7.68837225e-02           1.02680424e+00           1.44681839e-03
          -2.49218760e-01           2.27310613e-01           8.96685700e-03           3.28227451e-03           1.33108666e-03           2.46586086e+00          -2.90476045e-01           3.72542025e-03           6.61510807e-02           1.02679429e+00           1.46251481e-03
          -2.55962103e-01           2.34044403e-01           9.01396674e-03           3.31790182e-03           1.33716570e-03           2.48129444e+00          -2.91229927e-01           3.74967973e-03           5.17556291e-02           1.02678423e+00           1.41834359e-03
          -2.62830234e-01           2.40907639e-01           9.06576500e-03           3.34989113e-03           1.34585839e-03           2.48903685e+00          -2.91923468e-01           3.77192658e-03           5.52286767e-02           1.02677442e+00           1.40164418e-03
          -2.69775610e-01           2.47851714e-01           9.09096205e-03           3.35926952e-03           1.35156009e-03           2.48547552e+00          -2.92566021e-01           3.79498361e-03           5.57418569e-02           1.02676380e+00           1.41048295e-03
          -2.76783712e-01           2.54859775e-01           9.10821593e-03           3.36471407e-03           1.35536267e-03           2.48251937e+00          -2.93151781e-01           3.81877938e-03           5.47714791e-02           1.02675144e+00           1.41399930e-03
          -2.83859892e-01           2.61935592e-01           9.13638736e-03           3.38154651e-03           1.36031926e-03           2.48584771e+00          -2.93474930e-01           3.84212744e-03           5.18616704e-02           1.02673772e+00           1.40194104e-03
          -2.91025673e-01           2.69099295e-01           9.17350175e-03           3.40711676e-03           1.36698948e-03           2.49242354e+00          -2.93407282e-01           3.86592131e-03           4.52106015e-02           1.02672421e+00           1.38186365e-03
          -2.98285243e-01           2.76352942e-01           9.20113233e-03           3.42652970e-03           1.37320313e-03           2.49528246e+00          -2.92845733e-01           3.89272748e-03           4.90439956e-02           1.02671227e+00           1.37028232e-03
          -3.05625841e-01           2.83680856e-01           9.19829554e-03           3.40084965e-03           1.34774850e-03           2.52335629e+00          -2.91785758e-01           3.92464010e-03           4.62612040e-02           1.02670189e+00           1.36845495e-03
          -3.13024984e-01           2.91058719e-01           9.19659164e-03           3.39924308e-03           1.34972478e-03           2.51847127e+00          -2.90423910e-01           3.95790312e-03           4.52991618e-02           1.02691657e+00           1.36710943e-03
          -3.20486610e-01           2.98490733e-01           9.21991435e-03           3.42315799e-03           1.35467369e-03           2.52692439e+00          -2.88759317e-01           3.99014182e-03           4.19745225e-02           1.02691151e+00           1.33491891e-03
          -3.28091382e-01           3.06055129e-01           9.26906357e-03           3.46718789e-03           1.36491607e-03           2.54022057e+00          -2.86108964e-01           4.01590505e-03           3.35017368e-02           1.02690559e+00           1.28594206e-03
          -3.35830945e-01           3.13726842e-01           9.21935021e-03           3.44365763e-03           1.36347842e-03           2.52564146e+00          -2.82443468e-01           4.03578218e-03           6.18240926e-02           1.02689740e+00           1.30242369e-03
          -3.43579552e-01           3.21376651e-01           9.30171899e-03           3.40439777e-03           1.36812092e-03           2.48837491e+00          -2.97048719e-01           4.05119782e-03           8.82194209e-02           1.02688492e+00           1.43309379e-03
          -3.51347201e-01           3.29016417e-01           9.19838514e-03           3.33397319e-03           1.35202669e-03           2.46590783e+00          -2.98329501e-01           4.06309205e-03           9.63947986e-02           1.02686677e+00           1.48911701e-03
          -3.59130870e-01           3.36639970e-01           9.07458585e-03           3.26072755e-03           1.33197453e-03           2.44804046e+00          -3.00037199e-01           4.07181204e-03           1.19567542e-01           1.02684229e+00           1.54909924e-03
          -3.66917058e-01           3.44231516e-01           8.93670765e-03           3.18594636e-03           1.30955464e-03           2.43284721e+00          -3.02209794e-01           4.07736473e-03           1.34936490e-01           1.02681030e+00           1.61389961e-03
          -3.74694490e-01           3.51779670e-01           8.80349220e-03           3.11812509e-03           1.28743655e-03           2.42196410e+00          -3.04851886e-01           4.07664102e-03           1.43957281e-01           1.02677026e+00           1.67387642e-03
          -3.82456640e-01           3.59278828e-01           8.68720608e-03           3.06159525e-03           1.26766434e-03           2.41514662e+00          -3.07906963e-01           4.07071316e-03           1.54103991e-01           1.02672372e+00           1.72743506e-03
          -3.90200574e-01           3.66728216e-01           8.60115837e-03           3.02200409e-03           1.25238412e-03           2.41300096e+00          -3.11246614e-01           4.06172693e-03           1.56689699e-01           1.02667386e+00           1.76858830e-03
          -3.97930676e-01           3.74135077e-01           8.55900760e-03           3.00530791e-03           1.24375317e-03           2.41632181e+00          -3.14689020e-01           4.05068990e-03           1.51780173e-01           1.02662414e+00           1.78932280e-03
          -4.05665067e-01           3.81518692e-01           8.56471013e-03           3.01186965e-03           1.24259610e-03           2.42385249e+00          -3.18067221e-01           4.04005224e-03           1.41184857e-01           1.02657695e+00           1.79000783e-03
          -4.13419994e-01           3.88890743e-01           8.60122544e-03           3.03009600e-03           1.24653344e-03           2.43081807e+00          -3.21314750e-01           4.02998613e-03           1.37566333e-01           1.02653236e+00           1.78651593e-03
          -4.21197001e-01           3.96247029e-01           8.64759759e-03           3.04798819e-03           1.25224663e-03           2.43401589e+00          -3.24455670e-01           4.02044809e-03           1.37429429e-01           1.02648859e+00           1.78996865e-03
          -4.28985462e-01           4.03573602e-01           8.69205041e-03           3.06117747e-03           1.25764567e-03           2.43405399e+00          -3.27535004e-01           4.01235669e-03           1.35568642e-01           1.02644400e+00           1.80030300e-03
          -4.36779735e-01           4.10864651e-01           8.73861953e-03           3.07339257e-03           1.26317811e-03           2.43306352e+00          -3.30542937e-01           4.00604800e-03           1.39442845e-01           1.02639757e+00           1.81187183e-03
          -4.44579649e-01           4.18119997e-01           8.79323513e-03           3.08928402e-03           1.26955651e-03           2.43335683e+00          -3.33452437e-01           4.00135295e-03           1.32139237e-01           1.02634847e+00           1.81596328e-03
          -4.52389315e-01           4.25343394e-01           8.85760678e-03           3.11183795e-03           1.27732727e-03           2.43621037e+00          -3.36259325e-01           3.99915278e-03           1.27506238e-01           1.02629576e+00           1.81215221e-03
          -4.60218971e-01           4.32544142e-01           8.94629225e-03           3.14971900e-03           1.28871068e-03           2.44408543e+00          -3.38965834e-01           3.99961229e-03           1.28355911e-01           1.02623897e+00           1.79132683e-03
          -4.68109255e-01           4.39750940e-01           9.04453731e-03           3.18814245e-03           1.30231194e-03           2.44806360e+00          -3.41643042e-01           4.00260284e-03           1.29824892e-01           1.02617907e+00           1.77803698e-03
          -4.76044624e-01           4.46912319e-01           9.05869683e-03           3.16749189e-03           1.30403336e-03           2.42899607e+00          -3.44529794e-01           4.01059222e-03           1.64952764e-01           1.02639261e+00           1.84403752e-03
          -4.83915689e-01           4.53932762e-01           9.00399663e-03           3.10836667e-03           1.29375455e-03           2.40259381e+00          -3.47799129e-01           4.02436982e-03           1.97606991e-01           1.02632647e+00           1.94321968e-03
          -4.91731046e-01           4.60844785e-01           8.95717800e-03           3.06629700e-03           1.28230950e-03           2.39123004e+00          -3.51403429e-01           4.04083937e-03           1.98994372e-01           1.02625704e+00           1.99789596e-03
          -4.99523975e-01           4.67682898e-01           8.93482178e-03           3.04526162e-03           1.27462620e-03           2.38914093e+00          -3.55191629e-01           4.05824898e-03           2.12804627e-01           1.02618601e+00           2.02854710e-03
          -5.07308206e-01           4.74443972e-01           8.90415187e-03           3.01834195e-03           1.26660575e-03           2.38301614e+00          -3.59189101e-01           4.07733105e-03           2.30207550e-01           1.02611311e+00           2.07961956e-03
          -5.15052476e-01           4.81093407e-01           8.84900236e-03           2.97570963e-03           1.25495650e-03           2.37116556e+00          -3.63489620e-01           4.09878761e-03           2.48745769e-01           1.02603670e+00           2.15581061e-03
          -5.22736366e-01           4.87619489e-01           8.78541076e-03           2.93077753e-03           1.24129674e-03           2.36106115e+00          -3.68134542e-01           4.12224485e-03           2.73798129e-01           1.02595593e+00           2.23165219e-03
          -5.30364168e-01           4.94037211e-01           8.74126320e-03           2.90023758e-03           1.23021380e-03           2.35750694e+00          -3.73068234e-01           4.14676742e-03           2.79771860e-01           1.02587193e+00           2.28459927e-03
          -5.37958384e-01           5.00359118e-01           8.70105655e-03           2.87065846e-03           1.22015677e-03           2.35269642e+00          -3.78249528e-01           4.17257421e-03           3.04251073e-01           1.02578592e+00           2.34682557e-03
          -5.45494945e-01           5.06555021e-01           8.63886511e-03           2.82642421e-03           1.20688537e-03           2.34191605e+00          -3.83724715e-01           4.20021945e-03           3.33304511e-01           1.02569733e+00           2.44062391e-03
          -5.52951347e-01           5.12613296e-01           8.56129057e-03           2.77576265e-03           1.19079304e-03           2.33102022e+00          -3.89539029e-01           4.22978373e-03           3.53129633e-01           1.02560452e+00           2.54260428e-03
          -5.60318738e-01           5.18540502e-01           8.49491306e-03           2.73520977e-03           1.17603316e-03           2.32579306e+00          -3.95585420e-01           4.25986028e-03           3.72622099e-01           1.02550696e+00           2.62474989e-03
          -5.67611398e-01           5.24361491e-01           8.45997913e-03           2.71390748e-03           1.16622678e-03           2.32708383e+00          -4.01688162e-01           4.28906841e-03           3.69171866e-01           1.02540554e+00           2.67486110e-03
          -5.74847464e-01           5.30091345e-01           8.45009167e-03           2.70639963e-03           1.16077886e-03           2.33153767e+00          -4.07737719e-01           4.31673120e-03           3.65473366e-01           1.02530123e+00           2.70700986e-03
          -5.82032124e-01           5.35732925e-01           8.45896181e-03           2.70811944e-03           1.15879180e-03           2.33701986e+00          -4.13712679e-01           4.34250533e-03           3.70229051e-01           1.02519390e+00           2.73137558e-03
          -5.89175777e-01           5.41294694e-01           8.48757155e-03           2.71817498e-03           1.16032162e-03           2.34260479e+00          -4.19632037e-01           4.36696831e-03           3.72995077e-01           1.02508305e+00           2.74822494e-03
          -5.96300043e-01           5.46778083e-01           8.50829500e-03           2.71859651e-03           1.16111231e-03           2.34137257e+00          -4.25605605e-01           4.39122433e-03           3.97051774e-01           1.02496785e+00           2.79387884e-03
          -6.03373514e-01           5.52132308e-01           8.46421362e-03           2.67698507e-03           1.15204117e-03           2.32368873e+00          -4.31862557e-01           4.41875021e-03           4.53489104e-01           1.02484577e+00           2.93519572e-03
          -6.10329731e-01           5.57325125e-01           8.38521582e-03           2.62055131e-03           1.13607270e-03           2.30667573e+00          -4.38514742e-01           4.45034064e-03           4.88913798e-01           1.02471417e+00           3.08703171e-03
          -6.17184854e-01           5.62405825e-01           8.33689099e-03           2.59092048e-03           1.12393213e-03           2.30522858e+00          -4.45345944e-01           4.48235272e-03           4.91345834e-01           1.02457355e+00           3.15694521e-03
          -6.23979095e-01           5.67404807e-01           8.31404698e-03           2.57884156e-03           1.11658261e-03           2.30958422e+00          -4.52123163e-01           4.51310168e-03           4.96437550e-01           1.02477633e+00           3.20020928e-03
          -6.30713005e-01           5.72313487e-01           8.29385379e-03           2.56706013e-03           1.11068223e-03           2.31124625e+00          -4.58833282e-01           4.54357322e-03           5.08378733e-01           1.02461970e+00           3.26028788e-03
          -6.37380877e-01           5.77128589e-01           8.27451396e-03           2.55510289e-03           1.10529232e-03           2.31169877e+00          -4.65518466e-01           4.57425413e-03           5.17273116e-01           1.02445845e+00           3.32322380e-03
          -6.43983389e-01           5.81853628e-01           8.26045181e-03           2.55896087e-03           1.11498114e-03           2.29507100e+00          -4.72195773e-01           4.60485413e-03           5.28268418e-01           1.02429318e+00           3.38233005e-03
          -6.50522960e-01           5.86492777e-01           8.27728723e-03           2.55370827e-03           1.11289973e-03           2.29464363e+00          -4.78924845e-01           4.63362049e-03           5.38786935e-01           1.02412427e+00           3.43608305e-03
          -6.57005256e-01           5.91050863e-01           8.29933669e-03           2.55110748e-03           1.11182890e-03           2.29451446e+00          -4.85647911e-01           4.66172046e-03           5.51088931e-01           1.02395181e+00           3.48599366e-03
          -6.63433138e-01           5.95525801e-01           8.31575527e-03           2.54482493e-03           1.11024220e-03           2.29213494e+00          -4.92390307e-01           4.69007252e-03           5.72707706e-01           1.02377525e+00           3.55090799e-03
          -6.69798519e-01           5.99908769e-01           8.31681660e-03           2.53041586e-03           1.10652271e-03           2.28681782e+00          -4.99198057e-01           4.71988472e-03           5.98632430e-01           1.02359342e+00           3.63927698e-03
          -6.76092438e-01           6.04199350e-01           8.31014469e-03           2.51380032e-03           1.10154519e-03           2.28206735e+00          -5.06082309e-01           4.75125503e-03           6.20056973e-01           1.02340557e+00           3.72742124e-03
          -6.82318367e-01           6.08407438e-01           8.30718418e-03           2.50180663e-03           1.09712942e-03           2.28032042e+00          -5.12998444e-01           4.78329168e-03           6.35138945e-01           1.02321208e+00           3.79745869e-03
          -6.88484243e-01           6.12539232e-01           8.30675409e-03           2.49268715e-03           1.09341658e-03           2.27972320e+00          -5.19906898e-01           4.81544820e-03           6.50866453e-01           1.02301345e+00           3.86198379e-03
          -6.94590664e-01           6.16593242e-01           8.30235919e-03           2.48215472e-03           1.08948936e-03           2.27827349e+00          -5.26812328e-01           4.84783416e-03           6.70433244e-01           1.02280961e+00           3.93470115e-03
          -7.00634406e-01           6.20568037e-01           8.29304506e-03           2.46979762e-03           1.08504515e-03           2.27621645e+00          -5.33737056e-01           4.88054734e-03           6.90237996e-01           1.02260017e+00           4.01348415e-03
          -7.06614942e-01           6.24466002e-01           8.28115714e-03           2.45731735e-03           1.08036395e-03           2.27452734e+00          -5.40684582e-01           4.91354993e-03           7.09053149e-01           1.02238508e+00           4.09191635e-03
          -7.12533324e-01           6.28290117e-01           8.26841774e-03           2.44557674e-03           1.07573223e-03           2.27340659e+00          -5.47644985e-01           4.94682096e-03           7.26450438e-01           1.02216471e+00           4.16743841e-03
          -7.18390699e-01           6.32042825e-01           8.25554198e-03           2.43469766e-03           1.07129089e-03           2.27267652e+00          -5.54604686e-01           4.98057286e-03           7.42309463e-01           1.02193939e+00           4.24192476e-03
          -7.24188191e-01           6.35726452e-01           8.24292225e-03           2.42481703e-03           1.06708203e-03           2.27238109e+00          -5.61553596e-01           5.01546912e-03           7.57373714e-01           1.02170938e+00           4.31360423e-03
          -7.29927048e-01           6.39343321e-01           8.23135160e-03           2.41623081e-03           1.06322350e-03           2.27255212e+00          -5.68486961e-01           5.05188406e-03           7.71531605e-01           1.02147485e+00           4.38163672e-03
          -7.35609136e-01           6.42895997e-01           8.22142886e-03           2.40916431e-03           1.05980182e-03           2.27322153e+00          -5.75401789e-01           5.08982925e-03           7.85265043e-01           1.02123602e+00           4.44489666e-03
          -7.41237013e-01           6.46386445e-01           8.21265937e-03           2.40305015e-03           1.05677099e-03           2.27395546e+00          -5.82304015e-01           5.12923479e-03           7.99947618e-01           1.02131993e+00           4.50787874e-03
          -7.46811876e-01           6.49814963e-01           8.23099920e-03           2.40781436e-03           1.06528555e-03           2.26025253e+00          -5.89274619e-01           5.16773594e-03           8.19227303e-01           1.02107264e+00           4.57518679e-03
          -7.52334052e-01           6.53181315e-01           8.24625800e-03           2.40165707e-03           1.06347620e-03           2.25830825e+00          -5.96276880e-01           5.20685699e-03           8.42654147e-01           1.02082045e+00           4.64857996e-03
          -7.57803134e-01           6.56484842e-01           8.25596443e-03           2.39338701e-03           1.06108298e-03           2.25560777e+00          -6.03336343e-01           5.24624619e-03           8.70324823e-01           1.02056273e+00           4.73117786e-03
          -7.63217810e-01           6.59724534e-01           8.25856179e-03           2.38230282e-03           1.05781754e-03           2.25209238e+00          -6.10479496e-01           5.28575270e-03           9.02578593e-01           1.02029886e+00           4.82478742e-03
          -7.68575584e-01           6.62900031e-01           8.25488007e-03           2.36897434e-03           1.05371768e-03           2.24820594e+00          -6.17725019e-01           5.32525954e-03           9.35321623e-01           1.02002844e+00           4.92508509e-03
          -7.73875558e-01           6.66012943e-01           8.24715455e-03           2.35475224e-03           1.04912050e-03           2.24450123e+00          -6.25073358e-01           5.36459952e-03           9.67300047e-01           1.01975135e+00           5.02938435e-03
          -7.79117678e-01           6.69065416e-01           8.23717349e-03           2.34064819e-03           1.04428462e-03           2.24138912e+00          -6.32510213e-01           5.40369023e-03           9.97284311e-01           1.01946789e+00           5.13106399e-03
          -7.84302331e-01           6.72059655e-01           8.22628274e-03           2.32721817e-03           1.03945882e-03           2.23887481e+00          -6.40017023e-01           5.44248724e-03           1.02482425e+00           1.01917840e+00           5.22995665e-03
          -7.89430437e-01           6.74998164e-01           8.21587259e-03           2.31510613e-03           1.03488251e-03           2.23707146e+00          -6.47574008e-01           5.48091005e-03           1.04997844e+00           1.01888331e+00           5.32521700e-03
          -7.94503641e-01           6.77883387e-01           8.20635592e-03           2.30442100e-03           1.03063559e-03           2.23592220e+00          -6.55162315e-01           5.51896023e-03           1.07377885e+00           1.01858304e+00           5.41453947e-03
          -7.99523125e-01           6.80716813e-01           8.19729203e-03           2.29467474e-03           1.02668651e-03           2.23502961e+00          -6.62769712e-01           5.55673259e-03           1.09741533e+00           1.01827788e+00           5.50235671e-03
          -8.04489762e-01           6.83499694e-01           8.18831437e-03           2.28558941e-03           1.02299305e-03           2.23421792e+00          -6.70391027e-01           5.59439281e-03           1.12099685e+00           1.01796808e+00           5.59218892e-03
          -8.09404294e-01           6.86233222e-01           8.17899753e-03           2.27693780e-03           1.01945552e-03           2.23348421e+00          -6.78024269e-01           5.63217540e-03           1.14550533e+00           1.01765381e+00           5.68075331e-03
          -8.14267456e-01           6.88918531e-01           8.16912566e-03           2.26860329e-03           1.01601523e-03           2.23284378e+00          -6.85669671e-01           5.67022193e-03           1.17099797e+00           1.01733509e+00           5.76842696e-03
          -8.19079909e-01           6.91556632e-01           8.15856691e-03           2.26046352e-03           1.01268902e-03           2.23213987e+00          -6.93329115e-01           5.70853021e-03           1.19687057e+00           1.01701190e+00           5.85972187e-03
          -8.23842404e-01           6.94148540e-01           8.15356671e-03           2.25950495e-03           1.01684511e-03           2.22207386e+00          -7.01024292e-01           5.74674111e-03           1.22484059e+00           1.01668415e+00           5.95020570e-03
          -8.28555352e-01           6.96694910e-01           8.16846910e-03           2.25252447e-03           1.01466307e-03           2.21997285e+00          -7.08801852e-01           5.78399830e-03           1.25455334e+00           1.01635175e+00           6.04202211e-03
          -8.33219137e-01           6.99196398e-01           8.18030786e-03           2.24508524e-03           1.01235197e-03           2.21769237e+00          -7.16603001e-01           5.82138505e-03           1.28580502e+00           1.01601462e+00           6.14045093e-03
          -8.37833996e-01           7.01653659e-01           8.18856956e-03           2.23710654e-03           1.00979588e-03           2.21540470e+00          -7.24432489e-01           5.85901531e-03           1.31948428e+00           1.01567271e+00           6.24186496e-03
          -8.42399965e-01           7.04067171e-01           8.19268721e-03           2.22827583e-03           1.00688341e-03           2.21304254e+00          -7.32293579e-01           5.89702146e-03           1.35504707e+00           1.01532590e+00           6.34483000e-03
          -8.46916599e-01           7.06437349e-01           8.19274756e-03           2.21858765e-03           1.00362050e-03           2.21058424e+00          -7.40186516e-01           5.93543449e-03           1.39067817e+00           1.01497417e+00           6.45342007e-03
          -8.51383774e-01           7.08765387e-01           8.18968844e-03           2.20858880e-03           1.00013934e-03           2.20828109e+00          -7.48107933e-01           5.97415687e-03           1.42495439e+00           1.01461767e+00           6.56583502e-03
          -8.55801808e-01           7.11052775e-01           8.18450238e-03           2.19874012e-03           9.96535121e-04           2.20638498e+00          -7.56047715e-01           6.01311486e-03           1.45740503e+00           1.01425685e+00           6.67462044e-03
          -8.60171313e-01           7.13301063e-01           8.17801179e-03           2.18940889e-03           9.92939940e-04           2.20497615e+00          -7.63992269e-01           6.05226919e-03           1.48731298e+00           1.01389214e+00           6.77852414e-03
          -8.64493087e-01           7.15511858e-01           8.17138667e-03           2.18099310e-03           9.89523584e-04           2.20408400e+00          -7.71929169e-01           6.09148509e-03           1.51379412e+00           1.01389655e+00           6.87920731e-03
          -8.68768167e-01           7.17686772e-01           8.16547352e-03           2.17382462e-03           9.86429121e-04           2.20373119e+00          -7.79847020e-01           6.13062993e-03           1.53846006e+00           1.01352696e+00           6.97390101e-03
          -8.72998388e-01           7.19827533e-01           8.16054474e-03           2.16796895e-03           9.83662488e-04           2.20397644e+00          -7.87737507e-01           6.16963258e-03           1.56284684e+00           1.01315482e+00           7.05818708e-03
          -8.77185138e-01           7.21934617e-01           8.15557478e-03           2.16269312e-03           9.81139451e-04           2.20426680e+00          -7.95600009e-01           6.20849675e-03           1.58931576e+00           1.01278012e+00           7.14368209e-03
          -8.81329064e-01           7.24008143e-01           8.14971992e-03           2.15735718e-03           9.78710969e-04           2.20428425e+00          -8.03446054e-01           6.24732750e-03           1.61968356e+00           1.01240244e+00           7.23440119e-03
          -8.85430571e-01           7.26048052e-01           8.14185997e-03           2.15143031e-03           9.76180667e-04           2.20392636e+00          -8.11291311e-01           6.28629532e-03           1.65569056e+00           1.01202122e+00           7.33163310e-03
          -8.89489615e-01           7.28054047e-01           8.13228559e-03           2.14944094e-03           9.78755320e-04           2.19609630e+00          -8.19156701e-01           6.32548410e-03           1.69767746e+00           1.01163571e+00           7.43725864e-03
          -8.93506033e-01           7.30025947e-01           8.14087681e-03           2.14180314e-03           9.76370000e-04           2.19363882e+00          -8.27125007e-01           6.36391770e-03           1.74428645e+00           1.01124531e+00           7.55400526e-03
          -8.97478816e-01           7.31963277e-01           8.14292767e-03           2.13227908e-03           9.73346626e-04           2.19066777e+00          -8.35134406e-01           6.40270248e-03           1.79488756e+00           1.01084950e+00           7.68566420e-03
          -9.01406791e-01           7.33866453e-01           8.13943676e-03           2.12138319e-03           9.69736647e-04           2.18758690e+00          -8.43193355e-01           6.44181010e-03           1.84568456e+00           1.01044799e+00           7.82266129e-03
          -9.05289808e-01           7.35736847e-01           8.13203774e-03           2.11005778e-03           9.65743317e-04           2.18490539e+00          -8.51296421e-01           6.48115908e-03           1.89367050e+00           1.01004110e+00           7.95810215e-03
          -9.09128037e-01           7.37575710e-01           8.12209470e-03           2.09877304e-03           9.61549605e-04           2.18269866e+00          -8.59429164e-01           6.52060404e-03           1.93818412e+00           1.00962943e+00           8.09136000e-03
          -9.12921854e-01           7.39384472e-01           8.11089613e-03           2.08799600e-03           9.57340864e-04           2.18103716e+00          -8.67574706e-01           6.55999639e-03           1.97728325e+00           1.00921372e+00           8.21939918e-03
          -9.16671942e-01           7.41164684e-01           8.09978847e-03           2.07822845e-03           9.53303505e-04           2.18002812e+00          -8.75714021e-01           6.59919349e-03           2.01114610e+00           1.00879488e+00           8.33989904e-03
          -9.20379157e-01           7.42917776e-01           8.08961726e-03           2.06977545e-03           9.49574957e-04           2.17968622e+00          -8.83828320e-01           6.63809121e-03           2.04100308e+00           1.00837369e+00           8.45209722e-03
          -9.24044921e-01           7.44645059e-01           8.08056716e-03           2.06257751e-03           9.46179046e-04           2.17990191e+00          -8.91902015e-01           6.67667108e-03           2.06793487e+00           1.00795085e+00           8.55291942e-03
          -9.27670216e-01           7.46347308e-01           8.07231955e-03           2.05637493e-03           9.43103258e-04           2.18043455e+00          -8.99925299e-01           6.71490172e-03           2.09360361e+00           1.00752679e+00           8.64955679e-03
          -9.31255780e-01           7.48025000e-01           8.06454359e-03           2.05085328e-03           9.40295092e-04           2.18107411e+00          -9.07894298e-01           6.75276268e-03           2.11936966e+00           1.00710175e+00           8.74490388e-03
          -9.34802187e-01           7.49678492e-01           8.05667760e-03           2.04568134e-03           9.37667771e-04           2.18166968e+00          -9.15810322e-01           6.79027109e-03           2.14561019e+00           1.00667568e+00           8.84085435e-03
          -9.38309990e-01           7.51308322e-01           8.04868605e-03           2.04086193e-03           9.35189065e-04           2.18229875e+00          -9.23676334e-01           6.82742788e-03           2.17335414e+00           1.00624853e+00           8.93444781e-03
          -9.41779574e-01           7.52914727e-01           8.04024081e-03           2.03618870e-03           9.32814778e-04           2.18284353e+00          -9.31495073e-01           6.86425601e-03           2.20217406e+00           1.00582018e+00           9.03075379e-03
          -9.45211382e-01           7.54498065e-01           8.03121464e-03           2.03157535e-03           9.30501471e-04           2.18331234e+00          -9.39273397e-01           6.90075234e-03           2.23266119e+00           1.00583241e+00           9.12767459e-03
          -9.48605855e-01           7.56058752e-01           8.02149331e-03           2.02701773e-03           9.28217450e-04           2.18377465e+00          -9.47013856e-01           6.93694293e-03           2.26541178e+00           1.00540146e+00           9.22265530e-03
          -9.51963245e-01           7.57596910e-01           8.01092656e-03           2.02234056e-03           9.25930906e-04           2.18411606e+00          -9.54723106e-01           6.97276187e-03           2.29902476e+00           1.00496866e+00           9.32090727e-03
          -9.55283858e-01           7.59112894e-01           8.00818539e-03           2.02149591e-03           9.27828857e-04           2.17873792e+00          -9.62431212e-01           7.00765924e-03           2.33542577e+00           1.00453376e+00           9.42206412e-03
          -9.58567920e-01           7.60606825e-01           8.01442446e-03           2.01711322e-03           9.26096283e-04           2.17808155e+00          -9.70148203e-01           7.04145127e-03           2.37385108e+00           1.00409646e+00           9.52771161e-03
          -9.61815603e-01           7.62078881e-01           8.01870939e-03           2.01240335e-03           9.24250859e-04           2.17733457e+00          -9.77848170e-01           7.07481917e-03           2.41485391e+00           1.00365646e+00           9.63469611e-03
          -9.65027079e-01           7.63529360e-01           8.02099612e-03           2.00741161e-03           9.22294795e-04           2.17654011e+00          -9.85535814e-01           7.10776921e-03           2.45863067e+00           1.00321347e+00           9.74315444e-03
          -9.68202438e-01           7.64958322e-01           8.02122689e-03           2.00201165e-03           9.20213370e-04           2.17559505e+00          -9.93216202e-01           7.14031087e-03           2.50415365e+00           1.00276725e+00           9.86046316e-03
          -9.71341692e-01           7.66366005e-01           8.01939744e-03           1.99623084e-03           9.17977040e-04           2.17459778e+00          -1.00089330e+00           7.17248545e-03           2.55255885e+00           1.00231754e+00           9.97708762e-03
          -9.74444931e-01           7.67752588e-01           8.01548966e-03           1.99001496e-03           9.15568425e-04           2.17352948e+00          -1.00857110e+00           7.20431527e-03           2.60267980e+00           1.00186412e+00           1.00973699e-02
          -9.77512218e-01           7.69118428e-01           8.00967379e-03           1.98352552e-03           9.13023245e-04           2.17248085e+00          -1.01625025e+00           7.23583148e-03           2.65437721e+00           1.00140690e+00           1.02206650e-02
          -9.80543669e-01           7.70463705e-01           8.00192301e-03           1.97665234e-03           9.10337039e-04           2.17134123e+00          -1.02393316e+00           7.26702892e-03           2.70801470e+00           1.00094580e+00           1.03502377e-02
          -9.83539263e-01           7.71788657e-01           7.99217772e-03           1.96938530e-03           9.07476238e-04           2.17017836e+00          -1.03161969e+00           7.29799652e-03           2.76355521e+00           1.00048075e+00           1.04822160e-02
          -9.86499087e-01           7.73093522e-01           7.98035886e-03           1.96170406e-03           9.04426069e-04           2.16900433e+00          -1.03930980e+00           7.32875631e-03           2.82015086e+00           1.00001174e+00           1.06155109e-02
          -9.89423067e-01           7.74378478e-01           7.96645409e-03           1.95353357e-03           9.01208916e-04           2.16768114e+00          -1.04700129e+00           7.35934868e-03           2.87725521e+00           9.99538926e-01           1.07614629e-02
          -9.92310887e-01           7.75643706e-01           7.95047183e-03           1.94491091e-03           8.97773408e-04           2.16637170e+00          -1.05469183e+00           7.38980687e-03           2.93319850e+00           9.99062540e-01           1.09064383e-02
          -9.95162439e-01           7.76889801e-01           7.93313059e-03           1.93612155e-03           8.94200392e-04           2.16519873e+00          -1.06237710e+00           7.42006803e-03           2.98557768e+00           9.98141771e-01           1.10483201e-02
          -9.97977931e-01           7.78117538e-01           7.91522184e-03           1.92762942e-03           8.90629260e-04           2.16434549e+00          -1.07004642e+00           7.45001754e-03           3.03274028e+00           9.97661095e-01           1.11922859e-02
          -1.00075765e+00           7.79327631e-01           7.89733386e-03           1.91960286e-03           8.87119230e-04           2.16386118e+00          -1.07768621e+00           7.47955005e-03           3.07418272e+00           9.97178974e-01           1.13269019e-02
          -1.00350194e+00           7.80520797e-01           7.88009351e-03           1.91226584e-03           8.83749201e-04           2.16381054e+00          -1.08528338e+00           7.50854667e-03           3.10894722e+00           9.96696363e-01           1.14481614e-02
          -1.00621137e+00           7.81697810e-01           7.86411239e-03           1.90586405e-03           8.80624900e-04           2.16421776e+00          -1.09282514e+00           7.53687091e-03           3.13705332e+00           9.96214139e-01           1.15646293e-02
          -1.00888652e+00           7.82859445e-01           7.85002903e-03           1.90060901e-03           8.77819832e-04           2.16514703e+00          -1.10030060e+00           7.56437382e-03           3.15914254e+00           9.95733029e-01           1.16611160e-02
          -1.01152823e+00           7.84006417e-01           7.83826377e-03           1.89666232e-03           8.75416729e-04           2.16658222e+00          -1.10769992e+00           7.59095620e-03           3.17755779e+00           9.95253770e-01           1.17466820e-02
          -1.01413767e+00           7.85139322e-01           7.82856791e-03           1.89388584e-03           8.73406347e-04           2.16839029e+00          -1.11501490e+00           7.61661227e-03           3.19599330e+00           9.94776671e-01           1.18224878e-02
          -1.01671554e+00           7.86258042e-01           7.82115381e-03           1.89431434e-03           8.74506990e-04           2.16615117e+00          -1.12224758e+00           7.64134561e-03           3.21695270e+00           9.94301809e-01           1.18938997e-02
          -1.01926225e+00           7.87362456e-01           7.82696585e-03           1.89270044e-03           8.73311845e-04           2.16726757e+00          -1.12943778e+00           7.66423803e-03           3.24318628e+00           9.93828714e-01           1.19701137e-02
          -1.02177803e+00           7.88452327e-01           7.83214271e-03           1.89096051e-03           8.72175185e-04           2.16809712e+00          -1.13656092e+00           7.68656813e-03           3.27683506e+00           9.93356744e-01           1.20535143e-02
          -1.02426304e+00           7.89527476e-01           7.83582520e-03           1.88878644e-03           8.70993990e-04           2.16854130e+00          -1.14362859e+00           7.70852456e-03           3.31802255e+00           9.92885172e-01           1.21433064e-02
          -1.02671737e+00           7.90587664e-01           7.83715824e-03           1.88591766e-03           8.69657779e-04           2.16857447e+00          -1.15065106e+00           7.73032068e-03           3.36734126e+00           9.92413314e-01           1.22480455e-02
          -1.02914092e+00           7.91632593e-01           7.83545664e-03           1.88206532e-03           8.68050299e-04           2.16815237e+00          -1.15763640e+00           7.75213058e-03           3.42300426e+00           9.91940495e-01           1.23621497e-02
          -1.03153333e+00           7.92661905e-01           7.83033964e-03           1.87696129e-03           8.66112546e-04           2.16711015e+00          -1.16459566e+00           7.77407125e-03           3.48210199e+00           9.91466233e-01           1.24951142e-02
          -1.03389405e+00           7.93675721e-01           7.82229123e-03           1.87098413e-03           8.63878050e-04           2.16579659e+00          -1.17153648e+00           7.79616041e-03           3.54284596e+00           9.90990174e-01           1.26433467e-02
          -1.03622296e+00           7.94674456e-01           7.81202937e-03           1.86445860e-03           8.61400599e-04           2.16445008e+00          -1.17845946e+00           7.81835726e-03           3.60095433e+00           9.90512495e-01           1.27918629e-02
          -1.03852020e+00           7.95658708e-01           7.80027921e-03           1.85778351e-03           8.58744142e-04           2.16337256e+00          -1.18535692e+00           7.84062518e-03           3.65403411e+00           9.90033754e-01           1.29279731e-02
          -1.04078604e+00           7.96629012e-01           7.78795316e-03           1.85127550e-03           8.56058157e-04           2.16255810e+00          -1.19222121e+00           7.86279479e-03           3.69971728e+00           9.89554680e-01           1.30661510e-02
          -1.04302084e+00           7.97586024e-01           7.77582336e-03           1.84524802e-03           8.53433156e-04           2.16214710e+00          -1.19904041e+00           7.88474866e-03           3.73798034e+00           9.89076102e-01           1.31950832e-02
          -1.04522508e+00           7.98530281e-01           7.76455167e-03           1.83984246e-03           8.50940910e-04           2.16212717e+00          -1.20580434e+00           7.90634136e-03           3.76801641e+00           9.88598863e-01           1.33093241e-02
          -1.04739939e+00           7.99462497e-01           7.75485944e-03           1.83536849e-03           8.48677536e-04           2.16262174e+00          -1.21250405e+00           7.92744640e-03           3.79049294e+00           9.88123773e-01           1.34112080e-02
          -1.04954446e+00           8.00383270e-01           7.74721363e-03           1.83199751e-03           8.46685373e-04           2.16372878e+00          -1.21912732e+00           7.94796777e-03           3.80676468e+00           9.87651602e-01           1.34862813e-02
          -1.05166131e+00           8.01293075e-01           7.74166744e-03           1.82962784e-03           8.45019389e-04           2.16519036e+00          -1.22566600e+00           7.96783543e-03           3.81858184e+00           9.87182988e-01           1.35499810e-02
          -1.05375074e+00           8.02192152e-01           7.73800674e-03           1.82813045e-03           8.43678697e-04           2.16685624e+00          -1.23211488e+00           7.98706126e-03           3.83014916e+00           9.86718198e-01           1.36183899e-02
          -1.05581328e+00           8.03080440e-01           7.73570175e-03           1.82708249e-03           8.42565481e-04           2.16847536e+00          -1.23847566e+00           8.00569743e-03           3.84302566e+00           9.86257116e-01           1.36764775e-02
          -1.05784952e+00           8.03958058e-01           7.73432907e-03           1.82632877e-03           8.41614996e-04           2.17002880e+00          -1.24475310e+00           8.02385966e-03           3.85938961e+00           9.85799533e-01           1.37315567e-02
          -1.05985983e+00           8.04824948e-01           7.73349193e-03           1.82573130e-03           8.40802027e-04           2.17141639e+00          -1.25095426e+00           8.04161697e-03           3.88038993e+00           9.85344934e-01           1.37996127e-02
          -1.06184473e+00           8.05681229e-01           7.73285506e-03           1.82510369e-03           8.40035155e-04           2.17265156e+00          -1.25708529e+00           8.05909266e-03           3.90625078e+00           9.84892844e-01           1.38571198e-02
          -1.06380457e+00           8.06526780e-01           7.73203996e-03           1.82427178e-03           8.39282745e-04           2.17360811e+00          -1.26315475e+00           8.07635241e-03           3.93762689e+00           9.84442737e-01           1.39238207e-02
          -1.06573980e+00           8.07361782e-01           7.73096713e-03           1.82326495e-03           8.38524612e-04           2.17437261e+00          -1.26917107e+00           8.09346332e-03           3.97425280e+00           9.83994059e-01           1.39976610e-02
          -1.06765075e+00           8.08186114e-01           7.72928134e-03           1.82184444e-03           8.37719515e-04           2.17476662e+00          -1.27514245e+00           8.11050235e-03           4.01700171e+00           9.83198846e-01           1.40819681e-02
          -1.06953784e+00           8.09000015e-01           7.72696271e-03           1.82007827e-03           8.36842431e-04           2.17493545e+00          -1.28107800e+00           8.12752530e-03           4.06506519e+00           9.82752617e-01           1.41711528e-02
          -1.07140139e+00           8.09803486e-01           7.72382522e-03           1.81790888e-03           8.35869140e-04           2.17487259e+00          -1.28698350e+00           8.14459811e-03           4.11926728e+00           9.82306271e-01           1.42688232e-02
          -1.07324189e+00           8.10596704e-01           7.71969764e-03           1.81529307e-03           8.34772108e-04           2.17459717e+00          -1.29286666e+00           8.16178703e-03           4.17878417e+00           9.81859311e-01           1.43707742e-02
          -1.07505973e+00           8.11379790e-01           7.71443626e-03           1.81219909e-03           8.33523023e-04           2.17414402e+00          -1.29873231e+00           8.17915815e-03           4.24368471e+00           9.81411300e-01           1.44744773e-02
          -1.07685535e+00           8.12152862e-01           7.70796416e-03           1.80857932e-03           8.32120590e-04           2.17345820e+00          -1.30458586e+00           8.19674383e-03           4.31335803e+00           9.80961924e-01           1.45935508e-02
          -1.07862920e+00           8.12916040e-01           7.70001177e-03           1.80433007e-03           8.30532315e-04           2.17249833e+00          -1.31043275e+00           8.21462577e-03           4.38676120e+00           9.80510774e-01           1.47210389e-02
          -1.08038178e+00           8.13669622e-01           7.69059931e-03           1.79952891e-03           8.28745520e-04           2.17138901e+00          -1.31627536e+00           8.23283750e-03           4.46434228e+00           9.80057628e-01           1.48543988e-02
          -1.08211342e+00           8.14413607e-01           7.67933690e-03           1.79400059e-03           8.26731353e-04           2.16999220e+00          -1.32211331e+00           8.25146675e-03           4.54293035e+00           9.79602461e-01           1.50068634e-02
          -1.08382438e+00           8.15148175e-01           7.66646402e-03           1.78775031e-03           8.24481926e-04           2.16833172e+00          -1.32795518e+00           8.27048523e-03           4.62194345e+00           9.79144996e-01           1.51646808e-02
          -1.08551505e+00           8.15873802e-01           7.65227940e-03           1.78105817e-03           8.22022802e-04           2.16667733e+00          -1.33380275e+00           8.28987110e-03           4.69786617e+00           9.78685188e-01           1.53243276e-02
          -1.08718603e+00           8.16591024e-01           7.63726617e-03           1.77416877e-03           8.19425649e-04           2.16513698e+00          -1.33965444e+00           8.30956063e-03           4.76893348e+00           9.78223260e-01           1.54825559e-02
          -1.08883801e+00           8.17300498e-01           7.62196453e-03           1.76737626e-03           8.16764701e-04           2.16387444e+00          -1.34550652e+00           8.32945638e-03           4.83325439e+00           9.77759551e-01           1.56349430e-02
          -1.09047179e+00           8.18002820e-01           7.60683121e-03           1.76086803e-03           8.14118407e-04           2.16291391e+00          -1.35135388e+00           8.34946053e-03           4.88994266e+00           9.77294470e-01           1.57852410e-02
          -1.09208831e+00           8.18698704e-01           7.59243014e-03           1.75485057e-03           8.11530385e-04           2.16239663e+00          -1.35719032e+00           8.36945650e-03           4.93852901e+00           9.76828523e-01           1.59139176e-02
          -1.09368851e+00           8.19388688e-01           7.57911540e-03           1.74938079e-03           8.09058845e-04           2.16224173e+00          -1.36301295e+00           8.38932190e-03           4.97955920e+00           9.76361942e-01           1.60276826e-02
          -1.09527351e+00           8.20073605e-01           7.56757268e-03           1.74480839e-03           8.06806053e-04           2.16261192e+00          -1.36882191e+00           8.40891987e-03           5.01477264e+00           9.75894800e-01           1.61282669e-02
          -1.09684457e+00           8.20754170e-01           7.55805094e-03           1.74123660e-03           8.04828840e-04           2.16348684e+00          -1.37461331e+00           8.42818361e-03           5.04638779e+00           9.75427325e-01           1.62172794e-02
          -1.09840320e+00           8.21431160e-01           7.55049186e-03           1.73867705e-03           8.03099321e-04           2.16495893e+00          -1.38037758e+00           8.44716489e-03           5.07818336e+00           9.74959834e-01           1.62686991e-02
          -1.09995083e+00           8.22104752e-01           7.54414176e-03           1.73668170e-03           8.01568760e-04           2.16660352e+00          -1.38611321e+00           8.46594341e-03           5.11395434e+00           9.74492183e-01           1.63192155e-02
          -1.10148860e+00           8.22775185e-01           7.53858053e-03           1.73491139e-03           8.00202167e-04           2.16809134e+00          -1.39183263e+00           8.48459276e-03           5.15711428e+00           9.74023604e-01           1.63853048e-02
          -1.10301767e+00           8.23442697e-01           7.53312242e-03           1.73309772e-03           7.98879479e-04           2.16941074e+00          -1.39754395e+00           8.50328088e-03           5.20996033e+00           9.73553381e-01           1.64438822e-02
          -1.10453908e+00           8.24107408e-01           7.52694575e-03           1.73090987e-03           7.97531336e-04           2.17033462e+00          -1.40325802e+00           8.52220391e-03           5.27570197e+00           9.73080565e-01           1.65270349e-02
          -1.10605388e+00           8.24769497e-01           7.51924505e-03           1.72805570e-03           7.96058792e-04           2.17076391e+00          -1.40898654e+00           8.54159456e-03           5.35468767e+00           9.72604215e-01           1.66330081e-02
          -1.10756297e+00           8.25429022e-01           7.50912233e-03           1.72416244e-03           7.94340848e-04           2.17055744e+00          -1.41474245e+00           8.56169689e-03           5.44657562e+00           9.72123291e-01           1.67608595e-02
          -1.10906732e+00           8.26086223e-01           7.49586361e-03           1.71903947e-03           7.92282641e-04           2.16973007e+00          -1.42053727e+00           8.58275101e-03           5.55019693e+00           9.71636787e-01           1.69188263e-02
          -1.11056758e+00           8.26741099e-01           7.47887439e-03           1.71237353e-03           7.89813051e-04           2.16807449e+00          -1.42638963e+00           8.60491353e-03           5.66153247e+00           9.71143523e-01           1.71128513e-02
          -1.11206418e+00           8.27394128e-01           7.45860821e-03           1.70445009e-03           7.86948646e-04           2.16589749e+00          -1.43232791e+00           8.62819082e-03           5.77752907e+00           9.70642014e-01           1.73329329e-02
          -1.11355828e+00           8.28046381e-01           7.43572868e-03           1.69585089e-03           7.83741159e-04           2.16378950e+00          -1.43836413e+00           8.65259924e-03           5.89237048e+00           9.70131553e-01           1.75504479e-02
          -1.11505116e+00           8.28698874e-01           7.41091556e-03           1.68694561e-03           7.80294296e-04           2.16193508e+00          -1.44450243e+00           8.67809141e-03           6.00326519e+00           9.69844987e-01           1.77618555e-02
          -1.11654440e+00           8.29352796e-01           7.38515273e-03           1.67820528e-03           7.76747858e-04           2.16055346e+00          -1.45074861e+00           8.70452482e-03           6.10739539e+00           9.69308783e-01           1.79640770e-02
          -1.11803971e+00           8.30009341e-01           7.35945956e-03           1.66999038e-03           7.73235944e-04           2.15974230e+00          -1.45711171e+00           8.73173193e-03           6.20637741e+00           9.68762263e-01           1.81564262e-02
          -1.11953918e+00           8.30670059e-01           7.33501637e-03           1.66282081e-03           7.69885556e-04           2.15982856e+00          -1.46359952e+00           8.75957189e-03           6.30388547e+00           9.68204738e-01           1.83045616e-02
          -1.12104513e+00           8.31336379e-01           7.31220955e-03           1.65701325e-03           7.66786586e-04           2.16098362e+00          -1.47020889e+00           8.78810663e-03           6.40555066e+00           9.67635867e-01           1.84188032e-02
          -1.12256104e+00           8.32009852e-01           7.29031888e-03           1.65241710e-03           7.63936169e-04           2.16303033e+00          -1.47693249e+00           8.81767867e-03           6.52433285e+00           9.67055120e-01           1.85048074e-02
          -1.12408968e+00           8.32690895e-01           7.26705245e-03           1.64794757e-03           7.61137733e-04           2.16511086e+00          -1.48377186e+00           8.84890994e-03           6.66818348e+00           9.66461262e-01           1.86012344e-02
          -1.12563325e+00           8.33379448e-01           7.23953633e-03           1.64239171e-03           7.58083901e-04           2.16650388e+00          -1.49075194e+00           8.88267541e-03           6.85123740e+00           9.65851803e-01           1.87438225e-02
          -1.12719364e+00           8.34075272e-01           7.20429613e-03           1.63440127e-03           7.54416514e-04           2.16644418e+00          -1.49790544e+00           8.92015131e-03           7.07967333e+00           9.65435314e-01           1.89652741e-02
          -1.12877235e+00           8.34778011e-01           7.16947076e-03           1.62161484e-03           7.48489841e-04           2.16651550e+00          -1.50526386e+00           8.96134747e-03           7.34988518e+00           9.64773286e-01           1.92900163e-02
          -1.13036994e+00           8.35486591e-01           7.12172296e-03           1.60481330e-03           7.42453951e-04           2.16149876e+00          -1.51287541e+00           9.00886936e-03           7.66099162e+00           9.64082815e-01           1.97714544e-02
          -1.13198471e+00           8.36200416e-01           7.06016088e-03           1.58266526e-03           7.34750593e-04           2.15401699e+00          -1.52086827e+00           9.06383779e-03           7.99098395e+00           9.63357440e-01           2.04003538e-02
          -1.13361616e+00           8.36921632e-01           6.98787530e-03           1.55747185e-03           7.25584245e-04           2.14650726e+00          -1.52936980e+00           9.12705355e-03           8.33139792e+00           9.62592530e-01           2.10648490e-02
          -1.13526572e+00           8.37653995e-01           6.90804180e-03           1.53190362e-03           7.15554243e-04           2.14086302e+00          -1.53841633e+00           9.19979680e-03           8.66051266e+00           9.61786051e-01           2.16911669e-02
          -1.13693599e+00           8.38401794e-01           6.82402053e-03           1.50875166e-03           7.05299097e-04           2.13916574e+00          -1.54800107e+00           9.28373188e-03           8.98163464e+00           9.61093701e-01           2.21895158e-02
          -1.13863281e+00           8.39170515e-01           6.73323230e-03           1.48948235e-03           6.94998174e-04           2.14314571e+00          -1.55785540e+00           9.38363393e-03           9.31587751e+00           9.60189135e-01           2.25060860e-02
          -1.14036657e+00           8.39959920e-01           6.61707216e-03           1.46677601e-03           6.82901684e-04           2.14785824e+00          -1.56749815e+00           9.50870801e-03           9.61107541e+00           9.59264612e-01           2.29477608e-02
          -1.14213323e+00           8.40755999e-01           6.45479072e-03           1.42492608e-03           6.65684896e-04           2.14054141e+00          -1.57639865e+00           9.66799951e-03           9.77687291e+00           9.58336121e-01           2.42029623e-02
          -1.14714545e+00           8.43019486e-01           6.02503062e-03           1.24510670e-03           6.01038935e-04           2.07159075e+00          -1.60698878e+00           1.02756571e-02           5.58929029e+00           9.55600511e-01           3.05703812e-02
          -1.14839904e+00           8.43703687e-01           6.20839702e-03           1.31657075e-03           6.16280603e-04           2.13631703e+00          -1.60651393e+00           1.04170409e-02           2.75285389e+00           9.55576140e-01           2.59284275e-02
          -1.14947086e+00           8.44383478e-01           6.54226333e-03           1.49802165e-03           6.54974856e-04           2.28714375e+00          -1.58400303e+00           1.05440270e-02           1.43992268e+00           9.55610968e-01           1.72659111e-02
          -1.15044802e+00           8.45088244e-01           7.02025476e-03           1.79389153e-03           7.07513333e-04           2.53548795e+00          -1.54559319e+00           1.06656387e-02           9.11011950e-01           9.55533762e-01           8.54679389e-03
          -1.15136721e+00           8.45804930e-01           7.53794088e-03           2.16766251e-03           7.59466282e-04           2.85419190e+00          -1.50723404e+00           1.08056692e-02           1.16725425e+00           9.55526692e-01           2.92359624e-03
          -1.15221414e+00           8.46498787e-01           8.14756831e-03           2.60675388e-03           8.11534245e-04           3.21213048e+00          -1.45729347e+00           1.09967944e-02           1.58980279e+00           9.55454394e-01          -6.18349198e-05
          -1.15296480e+00           8.47153842e-01           9.09253150e-03           3.21671098e-03           8.92817268e-04           3.60287720e+00          -1.36480922e+00           1.12816598e-02           2.65887101e+00           9.55446607e-01          -1.62860123e-03
          -1.15366698e+00           8.47810268e-01           1.04321704e-02           4.09410894e-03           9.99558216e-04           4.09591845e+00          -1.24235041e+00           1.18375146e-02           3.90869310e+00           9.55508719e-01          -2.07706331e-03
          -1.15439343e+00           8.48514736e-01           1.17317449e-02           5.09984048e-03           1.08414587e-03           4.70401691e+00          -1.16020861e+00           1.25131126e-02           4.45807464e+00           9.55607622e-01          -1.88859482e-03
          -1.15514294e+00           8.49249482e-01           1.26847981e-02           6.07699051e-03           1.13058628e-03           5.37507894e+00          -1.11721442e+00           1.32812521e-02           4.66923344e+00           9.55768042e-01          -1.63917438e-03
          -1.15585912e+00           8.49956036e-01           1.40029260e-02           7.17393165e-03           1.18267829e-03           6.06583524e+00          -1.06386003e+00           1.44232302e-02           4.56793533e+00           9.56021942e-01          -1.50674868e-03
          -1.15653548e+00           8.50628912e-01           1.57262940e-02           8.61763171e-03           1.26635041e-03           6.80509253e+00          -9.82347544e-01           1.65179707e-02           4.46390720e+00           9.56440502e-01          -1.40295046e-03
          -1.15718896e+00           8.51282179e-01           1.79284879e-02           1.04426127e-02           1.38843275e-03           7.52115123e+00          -9.16104257e-01           2.02958236e-02           4.54134426e+00           9.56974309e-01          -1.20878338e-03
          -1.15782678e+00           8.51919293e-01           2.10607290e-02           1.26694223e-02           1.60746756e-03           7.88160371e+00          -1.00283987e+00           2.64036211e-02           4.63410421e+00           9.57061417e-01          -8.69662161e-04
          -1.15845120e+00           8.52539420e-01           2.50376195e-02           1.54558463e-02           1.86618962e-03           8.28203421e+00          -1.06769851e+00           3.71397686e-02           5.06031367e+00           9.54815440e-01          -3.72328295e-04
          -1.15906279e+00           8.53140533e-01           3.01500403e-02           1.90148288e-02           2.19709035e-03           8.65455024e+00          -1.10250556e+00           5.49970708e-02           6.24146437e+00           9.50855184e-01           2.25436430e-04
          -1.15966035e+00           8.53718758e-01           3.75254724e-02           2.35805953e-02           2.64161169e-03           8.92659410e+00          -1.08446077e+00           8.41867241e-02           8.20054295e+00           9.47003027e-01           8.36313057e-04
          -1.16024504e+00           8.54272127e-01           4.54904588e-02           2.91654411e-02           3.02440621e-03           9.64336104e+00          -9.97689023e-01           1.25271439e-01           9.86928851e+00           9.43986270e-01           1.34136190e-03
          -1.16081916e+00           8.54799330e-01           5.13180514e-02           3.46465283e-02           2.89987016e-03           1.19476137e+01          -8.21167816e-01           1.62837050e-01           6.96012152e+00           9.42455208e-01           1.62167787e-03
          -1.16138706e+00           8.55300427e-01           5.09131561e-02           3.85369853e-02           1.33266825e-03           2.89171633e+01          -5.82429004e-01           1.70255686e-01           2.42960039e+00           9.41476592e-01           1.60376238e-03
          -1.16195646e+00           8.55779111e-01           5.06203633e-02           4.07243035e-02           5.36942900e-04           7.58447566e+01          -4.40150816e-01           1.64313446e-01          -3.81913809e-01           9.40959030e-01           1.31009158e-03
          -1.16253090e+00           8.56236398e-01           5.04404635e-02           3.94001172e-02           2.14485157e-03           1.83696242e+01          -4.11138316e-01           1.64839518e-01          -2.30743982e-01           9.40634855e-01           8.15281070e-04
          -1.16311251e+00           8.56671929e-01           5.03296725e-02           3.61319352e-02           4.64231472e-03           7.78317228e+00          -4.78847914e-01           1.72784758e-01           1.27401163e+00           9.40455969e-01           1.93840140e-04
          -1.16370395e+00           8.57085764e-01           5.03176679e-02           3.31053588e-02           6.11288601e-03           5.41566760e+00          -5.96830403e-01           1.75205278e-01           2.66692585e+00           9.40224016e-01          -4.61465851e-04
          -1.16430890e+00           8.57479811e-01           5.03511186e-02           3.11586272e-02           6.81279001e-03           4.57354875e+00          -7.39017501e-01           1.68720999e-01           3.10709208e+00           9.40082630e-01          -1.06403872e-03
          -1.16492831e+00           8.57855320e-01           5.04378719e-02           2.98048153e-02           7.13369261e-03           4.17803470e+00          -8.75089710e-01           1.58198485e-01           3.33673616e+00           9.39875187e-01          -1.57437763e-03
          -1.16556025e+00           8.58212829e-01           5.05577963e-02           2.87763710e-02           7.29959507e-03           3.94218731e+00          -9.99964360e-01           1.45133096e-01           3.39592036e+00           9.39729097e-01          -2.01241131e-03
          -1.16619458e+00           8.58546197e-01           5.07273194e-02           2.79146928e-02           7.38810012e-03           3.77833169e+00          -1.12641920e+00           1.28358363e-01           3.37109734e+00           9.39517900e-01          -2.43854633e-03
          -1.16682627e+00           8.58847261e-01           5.09744414e-02           2.71011396e-02           7.40657480e-03           3.65906513e+00          -1.25646168e+00           1.06670692e-01           3.29152613e+00           9.39311609e-01          -2.83309993e-03
          -1.16745522e+00           8.59109759e-01           5.13435678e-02           2.62500385e-02           7.34962362e-03           3.57161671e+00          -1.37661264e+00           8.21951585e-02           3.23183752e+00           9.39127845e-01          -3.10293401e-03
          -1.16808479e+00           8.59328747e-01           5.18676776e-02           2.52805403e-02           7.19943163e-03           3.51146334e+00          -1.46888445e+00           5.92062041e-02           3.29171669e+00           9.38993344e-01          -3.14120986e-03
          -1.16872066e+00           8.59501362e-01           4.85999799e-02           2.35841211e-02           6.69587935e-03           3.52218430e+00          -1.49033229e+00           5.29781007e-02           3.35125629e+00           9.38908622e-01          -2.88522156e-03
          -1.16936657e+00           8.59623671e-01           4.53928283e-02           2.21124344e-02           6.24040362e-03           3.54343016e+00          -1.48996175e+00           4.95684473e-02           3.31651285e+00           9.39001247e-01          -2.34761095e-03
          -1.17002836e+00           8.59689713e-01           4.32265332e-02           2.10154135e-02           5.90844785e-03           3.55684167e+00          -1.47688754e+00           4.50778649e-02           3.10069401e+00           9.39066184e-01          -1.59525183e-03
