               variables=             ss           x_bl          delta        delta_1        delta_2              H             Ue            tke            dps            rho          tau_w
          -7.96901483e-04          -1.64805000e-05           2.33638449e-02          -3.98680890e-03          -6.14251969e-03           6.49051057e-01          -1.08171304e+00           6.98861241e-03          -1.57743980e+01           9.76201467e-01           5.37642283e-02
          -1.58568877e-03           2.70014000e-05           2.36153802e-02          -4.40692650e-03          -6.80090146e-03           6.47991523e-01          -1.04061149e+00           7.05042521e-03          -1.55710301e+01           9.78557871e-01           5.78266429e-02
          -2.37062817e-03           1.14192300e-04           2.34596691e-02          -4.73978224e-03          -7.34755352e-03           6.45083051e-01          -1.00092018e+00           7.11614704e-03          -1.55440729e+01           9.81065020e-01           6.13662118e-02
          -3.15386860e-03           2.45524300e-04           2.37617579e-02          -5.23537355e-03          -8.17383178e-03           6.40504196e-01          -9.53836105e-01           7.19028237e-03          -1.50606978e+01           9.83687628e-01           6.47628544e-02
          -3.93584542e-03           4.21181600e-04           2.40371156e-02          -5.76997296e-03          -9.09340620e-03           6.34522734e-01          -9.04389101e-01           7.27021778e-03          -1.45107660e+01           9.86415090e-01           6.87174009e-02
          -4.71195179e-03           6.41035700e-04           2.43996597e-02          -6.47506206e-03          -1.03548288e-02           6.25318117e-01          -8.46714749e-01           7.36212475e-03          -1.38046894e+01           9.89353536e-01           7.43034674e-02
          -5.47528608e-03           9.12058100e-04           2.46251045e-02          -7.44410615e-03          -1.22225156e-02           6.09048612e-01          -7.75542042e-01           7.47692968e-03          -1.30605422e+01           9.92654611e-01           8.06535471e-02
          -6.23077008e-03           1.24760800e-03           2.51432621e-02          -9.04203822e-03          -1.55618322e-02           5.81039438e-01          -6.83689102e-01           7.62075697e-03          -1.19855994e+01           9.96339619e-01           8.43047987e-02
          -6.99844035e-03           1.66647300e-03           2.56646783e-02          -1.11777324e-02          -2.04987793e-02           5.45287709e-01          -5.85360581e-01           7.79025348e-03          -1.08846097e+01           1.00002396e+00           8.18301629e-02
          -7.80963912e-03           2.18049810e-03           2.60019087e-02          -1.34122602e-02          -2.61919038e-02           5.12076567e-01          -4.99829766e-01           7.97079889e-03          -9.96638123e+00           1.00331019e+00           7.47062509e-02
          -8.67473835e-03           2.78583030e-03           2.59417381e-02          -1.53555500e-02          -3.16614967e-02           4.84991287e-01          -4.30978659e-01           8.16501272e-03          -9.36926524e+00           1.00618191e+00           6.82192197e-02
          -9.56985904e-03           3.46094000e-03           2.59336084e-02          -1.88299265e-02          -4.26720100e-02           4.41271141e-01          -3.49084441e-01           8.40415713e-03          -8.66418122e+00           1.00914089e+00           6.54385133e-02
          -1.04741445e-02           4.21054100e-03           2.59698622e-02          -2.79544320e-02          -7.92261297e-02           3.52843590e-01          -2.36327500e-01           8.75145565e-03          -7.58247262e+00           1.01240421e+00           6.07056520e-02
          -1.14485937e-02           5.09649930e-03           2.57404576e-02          -5.03966506e-02          -2.14675130e-01           2.34757751e-01          -1.27900724e-01           9.16592802e-03          -6.71426033e+00           1.01535373e+00           4.99736413e-02
          -1.25660989e-02           6.16818340e-03           2.53652733e-02          -1.29005218e-01          -1.18962702e+00           1.08441735e-01          -4.68406757e-02           9.56829724e-03          -6.10740505e+00           1.01766542e+00           3.76973800e-02
          -1.38579878e-02           7.44136840e-03           2.43756387e-02           9.91805519e-01          -6.20402758e+01          -1.59864782e-02           5.38539223e-03           9.92588043e-03          -5.63813833e+00           1.01940123e+00           2.74180597e-02
          -1.51652207e-02           8.74518230e-03           2.38290109e-02           8.93547166e-02          -4.18035430e-01          -2.13749147e-01           5.34220770e-02           1.02461491e-02          -5.07894806e+00           1.02077496e+00           1.99725425e-02
          -1.64704700e-02           1.00500584e-02           2.25528595e-02           4.65021866e-02          -9.46102954e-02          -4.91512962e-01           8.73621989e-02           1.06852692e-02          -4.54177051e+00           1.02185136e+00           1.42092022e-02
          -1.78204773e-02           1.13910269e-02           2.13156631e-02           3.14830128e-02          -3.47819190e-02          -9.05154565e-01           1.07494160e-01           1.11256615e-02          -4.04450431e+00           1.02261270e+00           9.26234628e-03
          -1.92354271e-02           1.27860196e-02           1.94888908e-02           2.39994850e-02          -1.65576607e-02          -1.44944902e+00           1.08729321e-01           1.16672899e-02          -3.65338787e+00           1.02311389e+00           5.72937324e-03
          -2.06546113e-02           1.41751943e-02           1.78944553e-02           1.74279471e-02          -5.17400065e-03          -3.36836972e+00           1.14296685e-01           1.22746270e-02          -3.08091968e+00           1.02352356e+00           3.29090862e-03
          -2.20728167e-02           1.55435810e-02           1.56294659e-02           1.17648316e-02           3.07409801e-04           3.82708409e+01           1.16168449e-01           1.31577602e-02          -2.35927250e+00           1.02385585e+00           1.24961258e-03
          -2.35288825e-02           1.69223230e-02           6.37954123e-04           2.73388170e-04           4.71871263e-05           5.79370245e+00          -7.63881364e-03           8.10189491e-03          -1.20708122e+00           1.02418998e+00           3.14164928e-04
          -2.50370554e-02           1.83244478e-02           1.58449371e-03           5.64777083e-04           2.02214857e-04           2.79295542e+00          -5.30589290e-02           1.68300696e-02           7.41133624e-01           1.02434244e+00           1.44855886e-03
          -2.66019073e-02           1.97541881e-02           1.90820909e-03           6.34598153e-04           2.47870159e-04           2.56020393e+00          -8.79837207e-02           1.68972511e-02           9.60036778e-01           1.02443429e+00           2.26322770e-03
          -2.82297578e-02           2.12176666e-02           2.12614358e-03           6.87427769e-04           2.69806026e-04           2.54785921e+00          -1.17339402e-01           1.65091800e-02           1.30102970e+00           1.02448480e+00           2.78807774e-03
          -2.99260026e-02           2.27207951e-02           2.37406714e-03           7.58624320e-04           3.07666648e-04           2.46573467e+00          -1.42031460e-01           1.59584714e-02           1.33814214e+00           1.02450422e+00           3.11079272e-03
          -3.16969713e-02           2.42714547e-02           2.57786109e-03           8.20064085e-04           3.32331276e-04           2.46761031e+00          -1.62912465e-01           1.54176116e-02           1.26960254e+00           1.02450196e+00           3.29160676e-03
          -3.35474095e-02           2.58779787e-02           2.78133028e-03           8.92121168e-04           3.67248454e-04           2.42920333e+00          -1.80730746e-01           1.49041266e-02           1.20945480e+00           1.02448656e+00           3.38497348e-03
          -3.54746760e-02           2.75433734e-02           2.99369693e-03           9.52184704e-04           3.92313831e-04           2.42709950e+00          -1.95965919e-01           1.44125154e-02           1.11543821e+00           1.02446260e+00           3.44040640e-03
          -3.74722895e-02           2.92636398e-02           3.15601448e-03           1.00992891e-03           4.14782329e-04           2.43484073e+00          -2.09396728e-01           1.39967502e-02           1.02462274e+00           1.02443279e+00           3.46044327e-03
          -3.95397701e-02           3.10387891e-02           3.36293472e-03           1.07814992e-03           4.48096345e-04           2.40606721e+00          -2.21013369e-01           1.36056449e-02           9.39735688e-01           1.02439973e+00           3.44373107e-03
          -4.16782373e-02           3.28704379e-02           3.54858166e-03           1.13907208e-03           4.72156290e-04           2.41248948e+00          -2.31207325e-01           1.32628785e-02           8.25403975e-01           1.02436546e+00           3.40094992e-03
          -4.38896383e-02           3.47611606e-02           3.70272537e-03           1.20094257e-03           4.94792569e-04           2.42716372e+00          -2.40276596e-01           1.29740834e-02           7.45374583e-01           1.02433134e+00           3.33492208e-03
          -4.61763695e-02           3.67141925e-02           3.92329400e-03           1.27457840e-03           5.29592992e-04           2.40671312e+00          -2.48004498e-01           1.26894264e-02           6.49289164e-01           1.02436586e+00           3.25360572e-03
          -4.85409440e-02           3.87331732e-02           4.10451553e-03           1.34062135e-03           5.54521996e-04           2.41761618e+00          -2.54885796e-01           1.24463000e-02           5.69567719e-01           1.02433856e+00           3.16375514e-03
          -5.09854475e-02           4.08216640e-02           4.26977067e-03           1.41509072e-03           5.87252054e-04           2.40968202e+00          -2.61014020e-01           1.22353029e-02           5.01056278e-01           1.02431700e+00           3.07015456e-03
          -5.35112828e-02           4.29824255e-02           4.48303816e-03           1.48315971e-03           6.13743521e-04           2.41657901e+00          -2.66263336e-01           1.20260795e-02           4.36034671e-01           1.02430169e+00           2.97616872e-03
          -5.61204723e-02           4.52187173e-02           4.66356043e-03           1.55093734e-03           6.38998688e-04           2.42713696e+00          -2.70974959e-01           1.18449507e-02           3.82708496e-01           1.02429198e+00           2.88233463e-03
          -5.88150010e-02           4.75340076e-02           4.82150267e-03           1.61756008e-03           6.62689283e-04           2.44090273e+00          -2.75225891e-01           1.16893267e-02           3.38875329e-01           1.02428688e+00           2.79180122e-03
          -6.15964511e-02           4.99316864e-02           5.02674994e-03           1.69365207e-03           6.97988990e-04           2.42647391e+00          -2.78889728e-01           1.15330263e-02           3.01198149e-01           1.02428554e+00           2.70815719e-03
          -6.44654250e-02           5.24145626e-02           5.20577033e-03           1.75769054e-03           7.22618817e-04           2.43238966e+00          -2.82212339e-01           1.13970368e-02           2.74568185e-01           1.02428757e+00           2.63528890e-03
          -6.74195533e-02           5.49826771e-02           5.35911508e-03           1.81648576e-03           7.45005243e-04           2.43821877e+00          -2.85251755e-01           1.12811416e-02           2.51564258e-01           1.02429285e+00           2.57641374e-03
          -7.04551908e-02           5.76327853e-02           5.49812188e-03           1.88122180e-03           7.75495687e-04           2.42583142e+00          -2.88017109e-01           1.11816226e-02           2.29716915e-01           1.02430123e+00           2.52327641e-03
          -7.35718103e-02           6.03634603e-02           5.67466218e-03           1.93829960e-03           7.98345375e-04           2.42789608e+00          -2.90391398e-01           1.10790079e-02           2.05467940e-01           1.02431236e+00           2.46636022e-03
          -7.67705852e-02           6.31745607e-02           5.83764012e-03           1.99748481e-03           8.20800222e-04           2.43358221e+00          -2.92480518e-01           1.09871572e-02           1.76519376e-01           1.02432573e+00           2.40180679e-03
          -8.00548484e-02           6.60676360e-02           5.99661724e-03           2.06201401e-03           8.43722225e-04           2.44394891e+00          -2.94264015e-01           1.09016684e-02           1.44699726e-01           1.02434070e+00           2.32425596e-03
          -8.34329189e-02           6.90496787e-02           6.15747424e-03           2.13335348e-03           8.67612732e-04           2.45887756e+00          -2.95728656e-01           1.08204221e-02           1.16756017e-01           1.02435700e+00           2.23330468e-03
          -8.69117545e-02           7.21290112e-02           6.31927618e-03           2.20831153e-03           8.92198549e-04           2.47513464e+00          -2.96879357e-01           1.07455055e-02           8.21301477e-02           1.02437424e+00           2.14278262e-03
          -9.79938219e-02           8.20161849e-02           6.86933309e-03           2.44223409e-03           9.85206886e-04           2.47890481e+00          -2.98599303e-01           1.05725540e-02           4.01101651e-02           1.02442619e+00           1.93404626e-03
          -1.01905859e-01           8.55384469e-02           7.03359436e-03           2.51250969e-03           1.01026662e-03           2.48697685e+00          -2.98861178e-01           1.04999137e-02           3.32478637e-02           1.02445114e+00           1.87069375e-03
          -1.05922852e-01           8.91719013e-02           7.19246780e-03           2.58101802e-03           1.03496482e-03           2.49382198e+00          -2.98979073e-01           1.04201892e-02           1.67399347e-02           1.02448112e+00           1.81352074e-03
          -1.10045615e-01           9.29177627e-02           7.34830130e-03           2.64898804e-03           1.05944253e-03           2.50036030e+00          -2.98942702e-01           1.03406692e-02           1.00678693e-02           1.02451477e+00           1.75891229e-03
          -1.14275456e-01           9.67775211e-02           7.50289138e-03           2.71731558e-03           1.08387172e-03           2.50704538e+00          -2.98747341e-01           1.02607227e-02          -3.21358441e-04           1.02455062e+00           1.70537719e-03
          -1.18614965e-01           1.00753687e-01           7.65930505e-03           2.78808054e-03           1.10858281e-03           2.51499529e+00          -2.98389398e-01           1.01812656e-02          -1.18507776e-02           1.02458777e+00           1.64909266e-03
          -1.23069215e-01           1.04851082e-01           7.82026918e-03           2.86325392e-03           1.13398808e-03           2.52494181e+00          -2.97869571e-01           1.00996975e-02          -2.10919883e-02           1.02462577e+00           1.58875428e-03
          -1.27648389e-01           1.09081328e-01           7.98273650e-03           2.94055683e-03           1.15981910e-03           2.53535816e+00          -2.97201204e-01           1.00159900e-02          -2.81731411e-02           1.02466437e+00           1.52938971e-03
          -1.32356663e-01           1.13453083e-01           8.13569240e-03           3.01180376e-03           1.18472252e-03           2.54220184e+00          -2.96412184e-01           9.93141494e-03          -3.03542508e-02           1.02470351e+00           1.48204384e-03
          -1.37189470e-01           1.17966808e-01           8.26708001e-03           3.06856941e-03           1.20695608e-03           2.54240353e+00          -2.95526733e-01           9.84841086e-03          -2.68712009e-02           1.02474343e+00           1.45395155e-03
          -1.42134203e-01           1.22611262e-01           8.37678086e-03           3.11205878e-03           1.22608216e-03           2.53821391e+00          -2.94563811e-01           9.76793552e-03          -2.38877093e-02           1.02478427e+00           1.43735228e-03
          -1.47187322e-01           1.27381116e-01           8.47345948e-03           3.15002651e-03           1.24293478e-03           2.53434577e+00          -2.93538520e-01           9.68883363e-03          -2.33232757e-02           1.02482587e+00           1.41959568e-03
          -1.52353708e-01           1.32279724e-01           8.56373210e-03           3.18791211e-03           1.25852046e-03           2.53306340e+00          -2.92460440e-01           9.60956119e-03          -2.33752738e-02           1.02486780e+00           1.39664428e-03
          -1.57638659e-01           1.37313083e-01           8.64697412e-03           3.22507600e-03           1.27307856e-03           2.53328908e+00          -2.91337570e-01           9.52990328e-03          -2.43819002e-02           1.02490977e+00           1.37292729e-03
          -1.63046201e-01           1.42486557e-01           8.72034511e-03           3.25851420e-03           1.28651065e-03           2.53283111e+00          -2.90184980e-01           9.45044902e-03          -2.20779197e-02           1.02495141e+00           1.35343344e-03
          -1.68578533e-01           1.47805139e-01           8.77444928e-03           3.28137472e-03           1.29748351e-03           2.52902999e+00          -2.89040755e-01           9.37238559e-03          -1.55741110e-02           1.02499199e+00           1.34333658e-03
          -1.74226031e-01           1.53262302e-01           8.79483969e-03           3.28563558e-03           1.30368884e-03           2.52026058e+00          -2.87946795e-01           9.29767263e-03          -1.09447107e-02           1.02503077e+00           1.34875954e-03
          -1.79968949e-01           1.58836782e-01           8.78707604e-03           3.27758863e-03           1.30557948e-03           2.51044742e+00          -2.86930405e-01           9.22634712e-03          -1.90016010e-03           1.02506704e+00           1.36247057e-03
          -1.85810522e-01           1.64527357e-01           8.77576274e-03           3.27413110e-03           1.30633693e-03           2.50634506e+00          -2.86020230e-01           9.15434712e-03           7.08362574e-03           1.02510004e+00           1.36312635e-03
          -1.91770064e-01           1.70354351e-01           8.78186097e-03           3.24986972e-03           1.28684019e-03           2.52546488e+00          -2.85285249e-01           9.07619386e-03           1.40983488e-03           1.02512937e+00           1.36208444e-03
          -1.97832422e-01           1.76306441e-01           8.75703656e-03           3.22702338e-03           1.28571287e-03           2.50990984e+00          -2.84731362e-01           9.00225780e-03           1.79316655e-02           1.02515538e+00           1.38949322e-03
          -2.03964046e-01           1.82346404e-01           8.71555148e-03           3.19945670e-03           1.28146694e-03           2.49671420e+00          -2.84366802e-01           8.93034929e-03           4.13353669e-02           1.02543533e+00           1.41561766e-03
          -2.10179963e-01           1.88483641e-01           8.68639497e-03           3.18611524e-03           1.27822479e-03           2.49260950e+00          -2.84170598e-01           8.86608306e-03           2.78576764e-02           1.02545852e+00           1.41702417e-03
          -2.16501195e-01           1.94740877e-01           8.64656101e-03           3.16948670e-03           1.27360843e-03           2.48858803e+00          -2.84122429e-01           8.81191866e-03           2.79427956e-02           1.02547883e+00           1.42551283e-03
          -2.22893370e-01           2.01084152e-01           8.58426405e-03           3.14094077e-03           1.26610600e-03           2.48078816e+00          -2.84205528e-01           8.76124929e-03           5.35494448e-02           1.02549686e+00           1.45414643e-03
          -2.29349735e-01           2.07501084e-01           8.54072263e-03           3.12647866e-03           1.26119965e-03           2.47897203e+00          -2.84381526e-01           8.71462407e-03           4.57245537e-02           1.02551304e+00           1.46288512e-03
          -2.35920926e-01           2.14042321e-01           8.50434360e-03           3.11696220e-03           1.25731505e-03           2.47906218e+00          -2.84676005e-01           8.67003989e-03           2.73858500e-02           1.02552733e+00           1.46238746e-03
          -2.42566588e-01           2.20670268e-01           8.42713297e-03           3.05132933e-03           1.22394376e-03           2.49303066e+00          -2.85216017e-01           8.63056063e-03           5.92866187e-02           1.02553966e+00           1.51110104e-03
          -2.49218760e-01           2.27310613e-01           8.39064550e-03           3.02916120e-03           1.21933896e-03           2.48426507e+00          -2.85989769e-01           8.59243864e-03           6.63807941e-02           1.02554994e+00           1.53674786e-03
          -2.55962103e-01           2.34044403e-01           8.42848706e-03           3.05793208e-03           1.22466706e-03           2.49694972e+00          -2.86733526e-01           8.54862701e-03           2.61063776e-02           1.02555828e+00           1.49517849e-03
          -2.62830234e-01           2.40907639e-01           8.47261783e-03           3.08529697e-03           1.23195287e-03           2.50439530e+00          -2.87418115e-01           8.50125293e-03           2.81514907e-02           1.02556524e+00           1.47319893e-03
          -2.69775610e-01           2.47851714e-01           8.48999872e-03           3.08977102e-03           1.23649867e-03           2.49880658e+00          -2.88095173e-01           8.45755483e-03           5.10700472e-02           1.02557158e+00           1.48933390e-03
          -2.76783712e-01           2.54859775e-01           8.50281926e-03           3.09282602e-03           1.23953540e-03           2.49514941e+00          -2.88766002e-01           8.41670426e-03           3.92387730e-02           1.02557797e+00           1.49489810e-03
          -2.83859892e-01           2.61935592e-01           8.52682148e-03           3.10720096e-03           1.24370725e-03           2.49833789e+00          -2.89169141e-01           8.37434855e-03           2.85012722e-02           1.02558485e+00           1.48126413e-03
          -2.91025673e-01           2.69099295e-01           8.55694514e-03           3.12734458e-03           1.24942452e-03           2.50302801e+00          -2.89140419e-01           8.32637010e-03           3.74938796e-02           1.02559238e+00           1.46536012e-03
          -2.98285243e-01           2.76352942e-01           8.58146488e-03           3.14401832e-03           1.25488976e-03           2.50541397e+00          -2.88671861e-01           8.26916208e-03           3.11569544e-02           1.02560074e+00           1.45166394e-03
          -3.05625841e-01           2.83680856e-01           8.58382701e-03           3.14751859e-03           1.25753998e-03           2.50291731e+00          -2.87881901e-01           8.20589990e-03           2.37211070e-02           1.02561026e+00           1.44970634e-03
          -3.13024984e-01           2.91058719e-01           8.57735654e-03           3.14866352e-03           1.25893878e-03           2.50104577e+00          -2.86925931e-01           8.14083306e-03           4.05981283e-02           1.02562092e+00           1.44995228e-03
          -3.20486610e-01           2.98490733e-01           8.68688884e-03           3.19068773e-03           1.27234431e-03           2.50772349e+00          -2.92082870e-01           8.08167331e-03           3.15678195e-02           1.02563134e+00           1.44236454e-03
          -3.28091382e-01           3.06055129e-01           8.78052588e-03           3.24143411e-03           1.28723306e-03           2.51814082e+00          -2.92655901e-01           8.00693312e-03           1.12746677e-02           1.02563874e+00           1.40399935e-03
          -3.35830945e-01           3.13726842e-01           8.78513714e-03           3.22894386e-03           1.29033650e-03           2.50240449e+00          -2.93463025e-01           7.93824313e-03           4.91023554e-02           1.02564063e+00           1.44082874e-03
          -3.43579552e-01           3.21376651e-01           8.71131593e-03           3.16898415e-03           1.28123714e-03           2.47337832e+00          -2.94680808e-01           7.88347207e-03           9.35061455e-02           1.02563523e+00           1.52015695e-03
          -3.51347201e-01           3.29016417e-01           8.61722000e-03           3.10619008e-03           1.26661830e-03           2.45234896e+00          -2.96326266e-01           7.83933560e-03           9.22066157e-02           1.02562177e+00           1.58255107e-03
          -3.59130870e-01           3.36639970e-01           8.50842030e-03           3.04315345e-03           1.24862167e-03           2.43721019e+00          -2.98352503e-01           7.80415148e-03           1.10713289e-01           1.02560043e+00           1.64129431e-03
          -3.66917058e-01           3.44231516e-01           8.38738504e-03           2.95161560e-03           1.20272017e-03           2.45411666e+00          -3.00772970e-01           7.77990548e-03           1.40252402e-01           1.02589546e+00           1.70946894e-03
          -3.74694490e-01           3.51779670e-01           8.30137261e-03           2.89742585e-03           1.18772323e-03           2.43947898e+00          -3.03654573e-01           7.76069369e-03           1.45812644e-01           1.02585541e+00           1.77252569e-03
          -3.82456640e-01           3.59278828e-01           8.22752504e-03           2.85341419e-03           1.17427958e-03           2.42992745e+00          -3.06867756e-01           7.75139096e-03           1.53296576e-01           1.02581242e+00           1.82622531e-03
          -3.90200574e-01           3.66728216e-01           8.17615878e-03           2.82407741e-03           1.16421616e-03           2.42573287e+00          -3.10306612e-01           7.74985762e-03           1.59966990e-01           1.02576817e+00           1.86720566e-03
          -3.97930676e-01           3.74135077e-01           8.15926561e-03           2.81481974e-03           1.15947127e-03           2.42767528e+00          -3.13813139e-01           7.74697767e-03           1.54352080e-01           1.02572378e+00           1.88755662e-03
          -4.05665067e-01           3.81518692e-01           8.18131814e-03           2.82621049e-03           1.16089294e-03           2.43451433e+00          -3.17224846e-01           7.74225898e-03           1.42172109e-01           1.02568013e+00           1.88689871e-03
          -4.13419994e-01           3.88890743e-01           8.22730234e-03           2.84789768e-03           1.16629306e-03           2.44183711e+00          -3.20488991e-01           7.73486315e-03           1.36969941e-01           1.02563764e+00           1.88006546e-03
          -4.21197001e-01           3.96247029e-01           8.27708767e-03           2.86764742e-03           1.17260165e-03           2.44554271e+00          -3.23644135e-01           7.72555649e-03           1.33796449e-01           1.02559609e+00           1.88214185e-03
          -4.28985462e-01           4.03573602e-01           8.32117278e-03           2.88061506e-03           1.17810564e-03           2.44512458e+00          -3.26696756e-01           7.71518083e-03           1.38897014e-01           1.02555542e+00           1.89531104e-03
          -4.36779735e-01           4.10864651e-01           8.36413004e-03           2.89203728e-03           1.18305346e-03           2.44455332e+00          -3.29644222e-01           7.70245640e-03           1.39483348e-01           1.02551600e+00           1.90623659e-03
          -4.44579649e-01           4.18119997e-01           8.41651671e-03           2.93134194e-03           1.21290726e-03           2.41678984e+00          -3.32536923e-01           7.68886476e-03           1.27568938e-01           1.02547800e+00           1.90901011e-03
          -4.52389315e-01           4.25343394e-01           8.48748933e-03           2.95511476e-03           1.22131337e-03           2.41962041e+00          -3.35361033e-01           7.67630753e-03           1.31797403e-01           1.02544075e+00           1.90424323e-03
          -4.60218971e-01           4.32544142e-01           8.58352157e-03           2.99246814e-03           1.23354710e-03           2.42590504e+00          -3.38030051e-01           7.66180727e-03           1.30901080e-01           1.02540272e+00           1.88339708e-03
          -4.68109255e-01           4.39750940e-01           8.68313914e-03           3.02698116e-03           1.24697991e-03           2.42744982e+00          -3.40631821e-01           7.64492194e-03           1.23624893e-01           1.02536224e+00           1.87205510e-03
          -4.76044624e-01           4.46912319e-01           8.69421173e-03           3.00643730e-03           1.24753329e-03           2.40990548e+00          -3.43506571e-01           7.63431595e-03           1.61719362e-01           1.02531648e+00           1.93678719e-03
          -4.83915689e-01           4.53932762e-01           8.63489381e-03           2.95069653e-03           1.23643212e-03           2.38646060e+00          -3.46866225e-01           7.63444816e-03           2.09431392e-01           1.02526252e+00           2.03876093e-03
          -4.91731046e-01           4.60844785e-01           8.58783650e-03           2.91153831e-03           1.22541101e-03           2.37596879e+00          -3.50614487e-01           7.63833820e-03           2.09834394e-01           1.02519903e+00           2.09893642e-03
          -4.99523975e-01           4.67682898e-01           8.57465559e-03           2.89506801e-03           1.21919782e-03           2.37456790e+00          -3.54567674e-01           7.63878633e-03           2.08049896e-01           1.02512693e+00           2.12669356e-03
          -5.07308206e-01           4.74443972e-01           8.55555731e-03           2.87353643e-03           1.21281230e-03           2.36931669e+00          -3.58777056e-01           7.63732201e-03           2.34022920e-01           1.02536382e+00           2.17649361e-03
          -5.15052476e-01           4.81093407e-01           8.51347715e-03           2.83830065e-03           1.20316456e-03           2.35902946e+00          -3.63359921e-01           7.63764094e-03           2.60651081e-01           1.02527251e+00           2.25320565e-03
          -5.22736366e-01           4.87619489e-01           8.46840189e-03           2.80290051e-03           1.19247904e-03           2.35048199e+00          -3.68315728e-01           7.64017403e-03           2.76462358e-01           1.02517404e+00           2.32709181e-03
          -5.30364168e-01           4.94037211e-01           8.44455046e-03           2.78012867e-03           1.18469284e-03           2.34670843e+00          -3.73525118e-01           7.64289358e-03           2.89836046e-01           1.02506864e+00           2.38125817e-03
          -5.37958384e-01           5.00359118e-01           8.42567343e-03           2.75846711e-03           1.17777181e-03           2.34210657e+00          -3.78958223e-01           7.64522892e-03           3.10384828e-01           1.02495639e+00           2.44101304e-03
          -5.45494945e-01           5.06555021e-01           8.38420167e-03           2.72312714e-03           1.16748555e-03           2.33247182e+00          -3.84703816e-01           7.64976270e-03           3.36346461e-01           1.02483647e+00           2.53123482e-03
          -5.52951347e-01           5.12613296e-01           8.32821124e-03           2.68102384e-03           1.15467362e-03           2.32188887e+00          -3.90797791e-01           7.65861337e-03           3.66277897e-01           1.02470799e+00           2.63450958e-03
          -5.60318738e-01           5.18540502e-01           8.28753602e-03           2.64890972e-03           1.14358596e-03           2.31631885e+00          -3.97111081e-01           7.66814361e-03           3.82984797e-01           1.02457179e+00           2.71582171e-03
          -5.67611398e-01           5.24361491e-01           8.27974990e-03           2.63581928e-03           1.13741432e-03           2.31737833e+00          -4.03480156e-01           7.67774558e-03           3.73868505e-01           1.02443011e+00           2.76114490e-03
          -5.74847464e-01           5.30091345e-01           8.29548458e-03           2.63613979e-03           1.13538697e-03           2.32179853e+00          -4.09805855e-01           7.68763801e-03           3.69526120e-01           1.02428499e+00           2.78812467e-03
          -5.82032124e-01           5.35732925e-01           8.32887254e-03           2.64508352e-03           1.13678426e-03           2.32681222e+00          -4.16036359e-01           7.69643891e-03           3.79731827e-01           1.02413702e+00           2.80981490e-03
          -5.89175777e-01           5.41294694e-01           8.38037336e-03           2.66070323e-03           1.14146190e-03           2.33096106e+00          -4.22156760e-01           7.70514325e-03           3.81856042e-01           1.02398652e+00           2.82649227e-03
          -5.96300043e-01           5.46778083e-01           8.41809748e-03           2.66428955e-03           1.14440807e-03           2.32809398e+00          -4.28299752e-01           7.71567207e-03           3.95932588e-01           1.02383333e+00           2.87341156e-03
          -6.03373514e-01           5.52132308e-01           8.38706183e-03           2.62763481e-03           1.13681347e-03           2.31140366e+00          -4.34743915e-01           7.73339397e-03           4.59428841e-01           1.02367472e+00           3.01048360e-03
          -6.10329731e-01           5.57325125e-01           8.31972705e-03           2.57615521e-03           1.12251728e-03           2.29498044e+00          -4.41592968e-01           7.75959855e-03           5.11343606e-01           1.02350811e+00           3.16533428e-03
          -6.17184854e-01           5.62405825e-01           8.28315912e-03           2.54969233e-03           1.11212478e-03           2.29263153e+00          -4.48598321e-01           7.78774966e-03           5.02901439e-01           1.02333518e+00           3.23934383e-03
          -6.23979095e-01           5.67404807e-01           8.27293235e-03           2.54095200e-03           1.10633780e-03           2.29672348e+00          -4.55525228e-01           7.81339353e-03           4.99320111e-01           1.02315918e+00           3.27765097e-03
          -6.30713005e-01           5.72313487e-01           8.26421860e-03           2.53222708e-03           1.10181744e-03           2.29822744e+00          -4.62382822e-01           7.83770607e-03           5.21840400e-01           1.02298063e+00           3.33668697e-03
          -6.37380877e-01           5.77128589e-01           8.25564735e-03           2.52300833e-03           1.09779145e-03           2.29825831e+00          -4.69228657e-01           7.86172524e-03           5.29938928e-01           1.02279885e+00           3.40141369e-03
          -6.43983389e-01           5.81853628e-01           8.25013684e-03           2.51589114e-03           1.09438046e-03           2.29891819e+00          -4.76064371e-01           7.88528521e-03           5.34118845e-01           1.02291370e+00           3.45829092e-03
          -6.50522960e-01           5.86492777e-01           8.28004809e-03           2.52741509e-03           1.10798816e-03           2.28108493e+00          -4.82960459e-01           7.90997837e-03           5.50053303e-01           1.02272408e+00           3.51148128e-03
          -6.57005256e-01           5.91050863e-01           8.31470023e-03           2.52748722e-03           1.10841924e-03           2.28026286e+00          -4.89842301e-01           7.93524219e-03           5.61564157e-01           1.02253082e+00           3.56190892e-03
          -6.63433138e-01           5.95525801e-01           8.34134649e-03           2.52369382e-03           1.10807640e-03           2.27754496e+00          -4.96729120e-01           7.96142828e-03           5.78411198e-01           1.02233408e+00           3.62560599e-03
          -6.69798519e-01           5.99908769e-01           8.34950715e-03           2.51159153e-03           1.10530745e-03           2.27230128e+00          -5.03674521e-01           7.98950313e-03           6.08412448e-01           1.02213341e+00           3.71328351e-03
          -6.76092438e-01           6.04199350e-01           8.34815369e-03           2.49718142e-03           1.10120560e-03           2.26767955e+00          -5.10698970e-01           8.01953629e-03           6.31141276e-01           1.02192828e+00           3.80186132e-03
          -6.82318367e-01           6.08407438e-01           8.35003397e-03           2.48724131e-03           1.09767325e-03           2.26592141e+00          -5.17757303e-01           8.05034881e-03           6.43231648e-01           1.02171902e+00           3.87163867e-03
          -6.88484243e-01           6.12539232e-01           8.35411620e-03           2.48006471e-03           1.09478543e-03           2.26534318e+00          -5.24812675e-01           8.08126882e-03           6.59197560e-01           1.02150615e+00           3.93485460e-03
          -6.94590664e-01           6.16593242e-01           8.35426446e-03           2.47152299e-03           1.09167458e-03           2.26397410e+00          -5.31876720e-01           8.11265145e-03           6.79980974e-01           1.02128958e+00           4.00693669e-03
          -7.00634406e-01           6.20568037e-01           8.34992776e-03           2.46122039e-03           1.08809189e-03           2.26196005e+00          -5.38974143e-01           8.14488295e-03           7.00136626e-01           1.02106908e+00           4.08551952e-03
          -7.06614942e-01           6.24466002e-01           8.34376505e-03           2.45086089e-03           1.08434274e-03           2.26022714e+00          -5.46108705e-01           8.17793533e-03           7.19286680e-01           1.02084464e+00           4.16320829e-03
          -7.12533324e-01           6.28290117e-01           8.33763800e-03           2.44130801e-03           1.08073170e-03           2.25893996e+00          -5.53271843e-01           8.21173211e-03           7.37187069e-01           1.02061637e+00           4.23833763e-03
          -7.18390699e-01           6.32042825e-01           8.33204199e-03           2.43268939e-03           1.07736630e-03           2.25799654e+00          -5.60450226e-01           8.24572146e-03           7.53536085e-01           1.02038426e+00           4.31226059e-03
          -7.24188191e-01           6.35726452e-01           8.32706117e-03           2.42511572e-03           1.07426403e-03           2.25746711e+00          -5.67630680e-01           8.28001200e-03           7.68997727e-01           1.02014816e+00           4.38301745e-03
          -7.29927048e-01           6.39343321e-01           8.32307112e-03           2.41879750e-03           1.07151110e-03           2.25737045e+00          -5.74801522e-01           8.31417663e-03           7.83581238e-01           1.01990789e+00           4.45038452e-03
          -7.35609136e-01           6.42895997e-01           8.34458004e-03           2.42523958e-03           1.08083902e-03           2.24384903e+00          -5.82010188e-01           8.34871726e-03           7.97754770e-01           1.01966335e+00           4.51323658e-03
          -7.41237013e-01           6.46386445e-01           8.37427978e-03           2.42301963e-03           1.08053362e-03           2.24242873e+00          -5.89218356e-01           8.38281305e-03           8.12912120e-01           1.01941438e+00           4.57553027e-03
          -7.46811876e-01           6.49814963e-01           8.40054007e-03           2.42029174e-03           1.08012468e-03           2.24075219e+00          -5.96414634e-01           8.41611266e-03           8.32074675e-01           1.01916070e+00           4.64184119e-03
          -7.52334052e-01           6.53181315e-01           8.42162993e-03           2.41606682e-03           1.07930236e-03           2.23854493e+00          -6.03624415e-01           8.44894319e-03           8.56112686e-01           1.01890184e+00           4.71516677e-03
          -7.57803134e-01           6.56484842e-01           8.43571555e-03           2.40949296e-03           1.07774984e-03           2.23566998e+00          -6.10871681e-01           8.48179439e-03           8.84160006e-01           1.01863743e+00           4.79727988e-03
          -7.63217810e-01           6.59724534e-01           8.44123435e-03           2.39984657e-03           1.07515998e-03           2.23208323e+00          -6.18179411e-01           8.51527303e-03           9.16298920e-01           1.01869472e+00           4.89023030e-03
          -7.68575584e-01           6.62900031e-01           8.43911201e-03           2.38766403e-03           1.07157626e-03           2.22817928e+00          -6.25564355e-01           8.54990669e-03           9.49978542e-01           1.01841873e+00           4.99117442e-03
          -7.73875558e-01           6.66012943e-01           8.43159464e-03           2.37426069e-03           1.06730901e-03           2.22452978e+00          -6.33025595e-01           8.58580853e-03           9.82030313e-01           1.01813658e+00           5.09529534e-03
          -7.79117678e-01           6.69065416e-01           8.42065784e-03           2.36068123e-03           1.06263511e-03           2.22153512e+00          -6.40549510e-01           8.62275258e-03           1.01212772e+00           1.01784861e+00           5.19673525e-03
          -7.84302331e-01           6.72059655e-01           8.40769351e-03           2.34752627e-03           1.05782100e-03           2.21920936e+00          -6.48118470e-01           8.66037392e-03           1.04007817e+00           1.01755530e+00           5.29612431e-03
          -7.89430437e-01           6.74998164e-01           8.39409035e-03           2.33544091e-03           1.05310133e-03           2.21767919e+00          -6.55713494e-01           8.69827133e-03           1.06540768e+00           1.01725721e+00           5.39088208e-03
          -7.94503641e-01           6.77883387e-01           8.38052928e-03           2.32458400e-03           1.04860173e-03           2.21684166e+00          -6.63318316e-01           8.73613093e-03           1.08904551e+00           1.01695485e+00           5.47999338e-03
          -7.99523125e-01           6.80716813e-01           8.36671155e-03           2.31452147e-03           1.04431249e-03           2.21631121e+00          -6.70923377e-01           8.77381117e-03           1.11234144e+00           1.01664858e+00           5.56814016e-03
          -8.04489762e-01           6.83499694e-01           8.35239459e-03           2.30498645e-03           1.04018932e-03           2.21592974e+00          -6.78526692e-01           8.81131406e-03           1.13602958e+00           1.01633859e+00           5.65737216e-03
          -8.09404294e-01           6.86233222e-01           8.34490096e-03           2.30342843e-03           1.04419075e-03           2.20594601e+00          -6.86146636e-01           8.84913650e-03           1.16019844e+00           1.01602507e+00           5.74554705e-03
          -8.14267456e-01           6.88918531e-01           8.35413787e-03           2.29566244e-03           1.04136029e-03           2.20448433e+00          -6.93810118e-01           8.88794835e-03           1.18520487e+00           1.01570809e+00           5.83382653e-03
          -8.19079909e-01           6.91556632e-01           8.36144466e-03           2.28798130e-03           1.03854654e-03           2.20306092e+00          -7.01476906e-01           8.92668908e-03           1.21133261e+00           1.01538767e+00           5.92447850e-03
          -8.23842404e-01           6.94148540e-01           8.36678971e-03           2.28029499e-03           1.03568218e-03           2.20173237e+00          -7.09151821e-01           8.96541343e-03           1.23877771e+00           1.01506373e+00           6.01427069e-03
          -8.28555352e-01           6.96694910e-01           8.36973219e-03           2.27232446e-03           1.03272271e-03           2.20032391e+00          -7.16839553e-01           9.00417261e-03           1.26794708e+00           1.01473606e+00           6.10714053e-03
          -8.33219137e-01           6.99196398e-01           8.37008143e-03           2.26391968e-03           1.02963237e-03           2.19876505e+00          -7.24546899e-01           9.04301037e-03           1.29920926e+00           1.01440437e+00           6.20531631e-03
          -8.37833996e-01           7.01653659e-01           8.36750016e-03           2.25499697e-03           1.02631227e-03           2.19718408e+00          -7.32279961e-01           9.08200179e-03           1.33263489e+00           1.01406839e+00           6.30572989e-03
          -8.42399965e-01           7.04067171e-01           8.36151255e-03           2.24524393e-03           1.02268287e-03           2.19544495e+00          -7.40042393e-01           9.12118527e-03           1.36783811e+00           1.01372790e+00           6.40930905e-03
          -8.46916599e-01           7.06437349e-01           8.35214250e-03           2.23467455e-03           1.01873347e-03           2.19358117e+00          -7.47835412e-01           9.16074595e-03           1.40330267e+00           1.01338284e+00           6.51845939e-03
          -8.51383774e-01           7.08765387e-01           8.34025565e-03           2.22383766e-03           1.01458615e-03           2.19186676e+00          -7.55655854e-01           9.20063651e-03           1.43756881e+00           1.01303335e+00           6.63027135e-03
          -8.55801808e-01           7.11052775e-01           8.32685254e-03           2.21319290e-03           1.01035413e-03           2.19051206e+00          -7.63494219e-01           9.24064386e-03           1.46973037e+00           1.01267990e+00           6.73873976e-03
          -8.60171313e-01           7.13301063e-01           8.31274811e-03           2.20311422e-03           1.00617832e-03           2.18958625e+00          -7.71338153e-01           9.28066544e-03           1.49940883e+00           1.01232297e+00           6.84323964e-03
          -8.64493087e-01           7.15511858e-01           8.29896476e-03           2.19400332e-03           1.00220783e-03           2.18916999e+00          -7.79175945e-01           9.32050064e-03           1.52590360e+00           1.01196304e+00           6.94323612e-03
          -8.68768167e-01           7.17686772e-01           8.28634377e-03           2.18620673e-03           9.98588353e-04           2.18929725e+00          -7.86997508e-01           9.35999986e-03           1.54998408e+00           1.01160055e+00           7.03691744e-03
          -8.72998388e-01           7.19827533e-01           8.27517881e-03           2.17977910e-03           9.95346925e-04           2.18996919e+00          -7.94794485e-01           9.39910544e-03           1.57421447e+00           1.01123567e+00           7.12109135e-03
          -8.77185138e-01           7.21934617e-01           8.26440269e-03           2.17397205e-03           9.92390651e-04           2.19064141e+00          -8.02566410e-01           9.43784904e-03           1.60034673e+00           1.01086827e+00           7.20621658e-03
          -8.81329064e-01           7.24008143e-01           8.26022043e-03           2.17370844e-03           9.95426551e-04           2.18369546e+00          -8.10343859e-01           9.47673271e-03           1.63061483e+00           1.01049789e+00           7.29636985e-03
          -8.85430571e-01           7.26048052e-01           8.26975028e-03           2.16825639e-03           9.93373062e-04           2.18272115e+00          -8.18164635e-01           9.51637205e-03           1.66642018e+00           1.01012388e+00           7.39257501e-03
          -8.89489615e-01           7.28054047e-01           8.27526955e-03           2.16166437e-03           9.91014732e-04           2.18126360e+00          -8.26003699e-01           9.55621408e-03           1.70818214e+00           1.00974546e+00           7.49817278e-03
          -8.93506033e-01           7.30025947e-01           8.27585282e-03           2.15354118e-03           9.88190222e-04           2.17927797e+00          -8.33876997e-01           9.59641523e-03           1.75520500e+00           1.00980405e+00           7.61507888e-03
          -8.97478816e-01           7.31963277e-01           8.27048055e-03           2.14356216e-03           9.84745935e-04           2.17676670e+00          -8.41792695e-01           9.63701469e-03           1.80530083e+00           1.00941585e+00           7.74542830e-03
          -9.01406791e-01           7.33866453e-01           8.26026160e-03           2.13226261e-03           9.80757088e-04           2.17409860e+00          -8.49760409e-01           9.67798190e-03           1.85596752e+00           1.00902128e+00           7.88253001e-03
          -9.05289808e-01           7.35736847e-01           8.24679263e-03           2.12056622e-03           9.76414866e-04           2.17178813e+00          -8.57774752e-01           9.71920274e-03           1.90410943e+00           1.00862067e+00           8.01809971e-03
          -9.09128037e-01           7.37575710e-01           8.23136854e-03           2.10895221e-03           9.71894194e-04           2.16994013e+00          -8.65821302e-01           9.76050870e-03           1.94794438e+00           1.00821468e+00           8.14965831e-03
          -9.12921854e-01           7.39384472e-01           8.21534245e-03           2.09790292e-03           9.67412120e-04           2.16857209e+00          -8.73885147e-01           9.80169173e-03           1.98683932e+00           1.00780417e+00           8.27788266e-03
          -9.16671942e-01           7.41164684e-01           8.19996426e-03           2.08791411e-03           9.63134438e-04           2.16783248e+00          -8.81947694e-01           9.84250766e-03           2.02036488e+00           1.00739014e+00           8.39789558e-03
          -9.20379157e-01           7.42917776e-01           8.18595543e-03           2.07929848e-03           9.59188842e-04           2.16776758e+00          -8.89989620e-01           9.88273182e-03           2.04952942e+00           1.00697351e+00           8.50798055e-03
          -9.24044921e-01           7.44645059e-01           8.17348530e-03           2.07198113e-03           9.55623051e-04           2.16819919e+00          -8.97995407e-01           9.92220808e-03           2.07593956e+00           1.00655501e+00           8.60835426e-03
          -9.27670216e-01           7.46347308e-01           8.16210961e-03           2.06570148e-03           9.52402600e-04           2.16893726e+00          -9.05954038e-01           9.96084093e-03           2.10104326e+00           1.00613518e+00           8.70418264e-03
          -9.31255780e-01           7.48025000e-01           8.15147483e-03           2.06014434e-03           9.49465624e-04           2.16979350e+00          -9.13861706e-01           9.99859931e-03           2.12609376e+00           1.00571423e+00           8.79737716e-03
          -9.34802187e-01           7.49678492e-01           8.14105304e-03           2.05497472e-03           9.46743744e-04           2.17057122e+00          -9.21719567e-01           1.00355036e-02           2.15179852e+00           1.00529218e+00           8.89223132e-03
          -9.38309990e-01           7.51308322e-01           8.13079880e-03           2.05019103e-03           9.44197189e-04           2.17135896e+00          -9.29530066e-01           1.00715742e-02           2.17858322e+00           1.00486897e+00           8.98498394e-03
          -9.41779574e-01           7.52914727e-01           8.12034878e-03           2.04558252e-03           9.41771025e-04           2.17205930e+00          -9.37295643e-01           1.01069162e-02           2.20690238e+00           1.00444449e+00           9.07959785e-03
          -9.45211382e-01           7.54498065e-01           8.10952295e-03           2.04106044e-03           9.39420539e-04           2.17268023e+00          -9.45022384e-01           1.01416079e-02           2.23712034e+00           1.00401850e+00           9.17466174e-03
          -9.48605855e-01           7.56058752e-01           8.10832664e-03           2.04069550e-03           9.41491832e-04           2.16751270e+00          -9.52738909e-01           1.01760252e-02           2.26883994e+00           1.00359080e+00           9.26849020e-03
          -9.51963245e-01           7.57596910e-01           8.11496238e-03           2.03672914e-03           9.39785122e-04           2.16722854e+00          -9.60447893e-01           1.02101902e-02           2.30224946e+00           1.00316117e+00           9.36541868e-03
          -9.55283858e-01           7.59112894e-01           8.12026890e-03           2.03269117e-03           9.38080452e-04           2.16686231e+00          -9.68129451e-01           1.02438653e-02           2.33790922e+00           1.00272935e+00           9.46534984e-03
          -9.58567920e-01           7.60606825e-01           8.12391401e-03           2.02839395e-03           9.36312290e-04           2.16636476e+00          -9.75788203e-01           1.02771141e-02           2.37598780e+00           1.00229509e+00           9.56898797e-03
          -9.61815603e-01           7.62078881e-01           8.12587291e-03           2.02377868e-03           9.34449381e-04           2.16574458e+00          -9.83430469e-01           1.03100041e-02           2.41658750e+00           1.00185807e+00           9.67444567e-03
          -9.65027079e-01           7.63529360e-01           8.12608027e-03           2.01889901e-03           9.32493628e-04           2.16505395e+00          -9.91060625e-01           1.03425886e-02           2.45946832e+00           1.00141804e+00           9.78231657e-03
          -9.68202438e-01           7.64958322e-01           8.12445675e-03           2.01360897e-03           9.30411631e-04           2.16421302e+00          -9.98683574e-01           1.03749138e-02           2.50494189e+00           1.00097479e+00           9.89743590e-03
          -9.71341692e-01           7.66366005e-01           8.12101248e-03           2.00795268e-03           9.28182636e-04           2.16331636e+00          -1.00630352e+00           1.04070231e-02           2.55276639e+00           1.00052806e+00           1.00122587e-02
          -9.74444931e-01           7.67752588e-01           8.11572168e-03           2.00186133e-03           9.25795857e-04           2.16231399e+00          -1.01392419e+00           1.04389490e-02           2.60222773e+00           1.00007769e+00           1.01314689e-02
          -9.77512218e-01           7.69118428e-01           8.10879158e-03           1.99549902e-03           9.23283501e-04           2.16130692e+00          -1.02154670e+00           1.04707033e-02           2.65345005e+00           9.99623560e-01           1.02538862e-02
          -9.80543669e-01           7.70463705e-01           8.10011675e-03           1.98877039e-03           9.20622891e-04           2.16024434e+00          -1.02917288e+00           1.05023133e-02           2.70659239e+00           9.99165584e-01           1.03807209e-02
          -9.83539263e-01           7.71788657e-01           8.08968072e-03           1.98163324e-03           9.17799589e-04           2.15911324e+00          -1.03680270e+00           1.05338273e-02           2.76147767e+00           9.98703715e-01           1.05111166e-02
          -9.86499087e-01           7.73093522e-01           8.07732091e-03           1.97408695e-03           9.14796516e-04           2.15795198e+00          -1.04443525e+00           1.05652649e-02           2.81747130e+00           9.98237984e-01           1.06446883e-02
          -9.89423067e-01           7.74378478e-01           8.06298104e-03           1.96605157e-03           9.11609524e-04           2.15668169e+00          -1.05206811e+00           1.05966563e-02           2.87385787e+00           9.97768506e-01           1.07871849e-02
          -9.92310887e-01           7.75643706e-01           8.04664996e-03           1.95754520e-03           9.08207490e-04           2.15539425e+00          -1.05969877e+00           1.06280250e-02           2.92900789e+00           9.97295501e-01           1.09301784e-02
          -9.95162439e-01           7.76889801e-01           8.02902601e-03           1.94888439e-03           9.04673619e-04           2.15424032e+00          -1.06732298e+00           1.06593147e-02           2.98079163e+00           9.96819446e-01           1.10724629e-02
          -9.97977931e-01           7.78117538e-01           8.01081494e-03           1.94049975e-03           9.01125370e-04           2.15341817e+00          -1.07492953e+00           1.06904125e-02           3.02710169e+00           9.96341131e-01           1.12127612e-02
          -1.00075765e+00           7.79327631e-01           7.99258002e-03           1.93258359e-03           8.97637402e-04           2.15296687e+00          -1.08250510e+00           1.07211836e-02           3.06747580e+00           9.95861473e-01           1.13453439e-02
          -1.00350194e+00           7.80520797e-01           7.97491182e-03           1.92536328e-03           8.94289598e-04           2.15295278e+00          -1.09003645e+00           1.07514785e-02           3.10173295e+00           9.95381468e-01           1.14659909e-02
          -1.00621137e+00           7.81697810e-01           7.95840536e-03           1.91905159e-03           8.91174408e-04           2.15339620e+00          -1.09751115e+00           1.07811450e-02           3.12864888e+00           9.94902056e-01           1.15783929e-02
          -1.00888652e+00           7.82859445e-01           7.95118303e-03           1.91683271e-03           8.91537154e-04           2.15003121e+00          -1.10493770e+00           1.08102436e-02           3.14998100e+00           9.94424073e-01           1.16736107e-02
          -1.01152823e+00           7.84006417e-01           7.95182810e-03           1.91332976e-03           8.89483615e-04           2.15105678e+00          -1.11230165e+00           1.08385996e-02           3.16770417e+00           9.93948230e-01           1.17571696e-02
          -1.01413767e+00           7.85139322e-01           7.95444568e-03           1.91100194e-03           8.87820904e-04           2.15246333e+00          -1.11958145e+00           1.08660264e-02           3.18482409e+00           9.93474912e-01           1.18298001e-02
          -1.01671554e+00           7.86258042e-01           7.95813347e-03           1.90928318e-03           8.86440839e-04           2.15387547e+00          -1.12677645e+00           1.08925631e-02           3.20503149e+00           9.93004075e-01           1.18990737e-02
          -1.01926225e+00           7.87362456e-01           7.96213313e-03           1.90778729e-03           8.85251084e-04           2.15508044e+00          -1.13389546e+00           1.09183009e-02           3.23065508e+00           9.92535216e-01           1.19729910e-02
          -1.02177803e+00           7.88452327e-01           7.96552579e-03           1.90617107e-03           8.84120888e-04           2.15600728e+00          -1.14094726e+00           1.09433966e-02           3.26289598e+00           9.92067539e-01           1.20528556e-02
          -1.02426304e+00           7.89527476e-01           7.96754419e-03           1.90413729e-03           8.82956090e-04           2.15654812e+00          -1.14794363e+00           1.09680046e-02           3.30307776e+00           9.91600240e-01           1.21415827e-02
          -1.02671737e+00           7.90587664e-01           7.96726507e-03           1.90139794e-03           8.81628121e-04           2.15668930e+00          -1.15489323e+00           1.09922990e-02           3.35105500e+00           9.91132481e-01           1.22426454e-02
          -1.02914092e+00           7.91632593e-01           7.96412012e-03           1.89767483e-03           8.80030371e-04           2.15637425e+00          -1.16180494e+00           1.10164258e-02           3.40502111e+00           9.90663553e-01           1.23532168e-02
          -1.03153333e+00           7.92661905e-01           7.95773457e-03           1.89270758e-03           8.78121946e-04           2.15540403e+00          -1.16868943e+00           1.10404889e-02           3.46294489e+00           9.90192878e-01           1.24863381e-02
          -1.03389405e+00           7.93675721e-01           7.94854562e-03           1.88686380e-03           8.75901383e-04           2.15419662e+00          -1.17555390e+00           1.10645388e-02           3.52161335e+00           9.89720161e-01           1.26300784e-02
          -1.03622296e+00           7.94674456e-01           7.93728246e-03           1.88047471e-03           8.73440298e-04           2.15295163e+00          -1.18239938e+00           1.10885605e-02           3.57767532e+00           9.89245615e-01           1.27741319e-02
          -1.03852020e+00           7.95658708e-01           7.92470025e-03           1.87393809e-03           8.70818997e-04           2.15192606e+00          -1.18921862e+00           1.11124915e-02           3.62903843e+00           9.88769828e-01           1.29101941e-02
          -1.04078604e+00           7.96629012e-01           7.91159103e-03           1.86756889e-03           8.68155101e-04           2.15119267e+00          -1.19600335e+00           1.11362070e-02           3.67314862e+00           9.88293620e-01           1.30438467e-02
          -1.04302084e+00           7.97586024e-01           7.89875153e-03           1.86169043e-03           8.65560491e-04           2.15084959e+00          -1.20274225e+00           1.11595714e-02           3.70906249e+00           9.87817994e-01           1.31682405e-02
          -1.04522508e+00           7.98530281e-01           7.88680426e-03           1.85644523e-03           8.63110766e-04           2.15087715e+00          -1.20942537e+00           1.11824434e-02           3.73750536e+00           9.87343887e-01           1.32824577e-02
          -1.04739939e+00           7.99462497e-01           7.87645990e-03           1.85213626e-03           8.60875096e-04           2.15145760e+00          -1.21604414e+00           1.12046869e-02           3.75827197e+00           9.86872154e-01           1.33771131e-02
          -1.04954446e+00           8.00383270e-01           7.86818755e-03           1.84893495e-03           8.58925811e-04           2.15261310e+00          -1.22258622e+00           1.12261708e-02           3.77248749e+00           9.86403695e-01           1.34490739e-02
          -1.05166131e+00           8.01293075e-01           7.86204269e-03           1.84675830e-03           8.57319392e-04           2.15410770e+00          -1.22904370e+00           1.12467910e-02           3.78291929e+00           9.85939123e-01           1.35136211e-02
          -1.05375074e+00           8.02192152e-01           7.85777603e-03           1.84546183e-03           8.56024617e-04           2.15585135e+00          -1.23541086e+00           1.12665265e-02           3.79211013e+00           9.85478737e-01           1.35737140e-02
          -1.05581328e+00           8.03080440e-01           7.85491295e-03           1.84462783e-03           8.54969714e-04           2.15753588e+00          -1.24168975e+00           1.12854044e-02           3.80323876e+00           9.85022432e-01           1.36289579e-02
          -1.05784952e+00           8.03958058e-01           7.85308220e-03           1.84411081e-03           8.54094994e-04           2.15914017e+00          -1.24788558e+00           1.13034960e-02           3.81757464e+00           9.84569894e-01           1.36830121e-02
          -1.05985983e+00           8.04824948e-01           7.85181487e-03           1.84374268e-03           8.53346606e-04           2.16060235e+00          -1.25400414e+00           1.13208968e-02           3.83623107e+00           9.84120597e-01           1.37435424e-02
          -1.06184473e+00           8.05681229e-01           7.85085678e-03           1.84336858e-03           8.52653907e-04           2.16191888e+00          -1.26005201e+00           1.13377125e-02           3.86007418e+00           9.83673995e-01           1.37977817e-02
          -1.06380457e+00           8.06526780e-01           7.84982073e-03           1.84278980e-03           8.51990255e-04           2.16292356e+00          -1.26603757e+00           1.13540388e-02           3.88858493e+00           9.83229524e-01           1.38619360e-02
          -1.06573980e+00           8.07361782e-01           7.84865463e-03           1.84204466e-03           8.51320569e-04           2.16374974e+00          -1.27196908e+00           1.13699626e-02           3.92262720e+00           9.82786558e-01           1.39303683e-02
          -1.06765075e+00           8.08186114e-01           7.84700150e-03           1.84090361e-03           8.50614016e-04           2.16420559e+00          -1.27785438e+00           1.13855656e-02           3.96247630e+00           9.82344478e-01           1.40108917e-02
          -1.06953784e+00           8.09000015e-01           7.84480035e-03           1.83941796e-03           8.49841410e-04           2.16442496e+00          -1.28370219e+00           1.14009254e-02           4.00760406e+00           9.81902619e-01           1.40966884e-02
          -1.07140139e+00           8.09803486e-01           7.84189769e-03           1.83753277e-03           8.48970781e-04           2.16442404e+00          -1.28951820e+00           1.14161150e-02           4.05879919e+00           9.81460493e-01           1.41882385e-02
          -1.07324189e+00           8.10596704e-01           7.83813467e-03           1.83520697e-03           8.47983430e-04           2.16420146e+00          -1.29531025e+00           1.14311933e-02           4.11516191e+00           9.80607050e-01           1.42850298e-02
          -1.07505973e+00           8.11379790e-01           7.83464448e-03           1.83432178e-03           8.48937407e-04           2.16072677e+00          -1.30108573e+00           1.14462583e-02           4.17608282e+00           9.80164894e-01           1.43867244e-02
          -1.07685535e+00           8.12152862e-01           7.83183653e-03           1.83104275e-03           8.47698703e-04           2.16001598e+00          -1.30685052e+00           1.14613734e-02           4.24220615e+00           9.79721321e-01           1.44975943e-02
          -1.07862920e+00           8.12916040e-01           7.82681221e-03           1.82712452e-03           8.46262712e-04           2.15905119e+00          -1.31260391e+00           1.14765092e-02           4.31171569e+00           9.79275905e-01           1.46210279e-02
          -1.08038178e+00           8.13669622e-01           7.81962841e-03           1.82263578e-03           8.44613235e-04           2.15795313e+00          -1.31834842e+00           1.14916906e-02           4.38442497e+00           9.78828445e-01           1.47503852e-02
          -1.08211342e+00           8.14413607e-01           7.80982871e-03           1.81740020e-03           8.42714399e-04           2.15660276e+00          -1.32408284e+00           1.15069566e-02           4.45891389e+00           9.78378874e-01           1.48947965e-02
          -1.08382438e+00           8.15148175e-01           7.79773633e-03           1.81143131e-03           8.40567411e-04           2.15501016e+00          -1.32981590e+00           1.15222909e-02           4.53285268e+00           9.77926942e-01           1.50481890e-02
          -1.08551505e+00           8.15873802e-01           7.78363596e-03           1.80499749e-03           8.38193951e-04           2.15343655e+00          -1.33554884e+00           1.15376783e-02           4.60392019e+00           9.77472680e-01           1.52011432e-02
          -1.08718603e+00           8.16591024e-01           7.76821681e-03           1.79836097e-03           8.35671934e-04           2.15199397e+00          -1.34128140e+00           1.15530628e-02           4.66978242e+00           9.77016374e-01           1.53522962e-02
          -1.08883801e+00           8.17300498e-01           7.75209494e-03           1.79182271e-03           8.33085771e-04           2.15082621e+00          -1.34700990e+00           1.15683634e-02           4.72885690e+00           9.76558442e-01           1.54998668e-02
          -1.09047179e+00           8.18002820e-01           7.73641227e-03           1.78386615e-03           8.28649973e-04           2.15273783e+00          -1.35273071e+00           1.15834995e-02           4.78045697e+00           9.76099379e-01           1.56426705e-02
          -1.09208831e+00           8.18698704e-01           7.72382767e-03           1.77819066e-03           8.26210601e-04           2.15222446e+00          -1.35844252e+00           1.15984170e-02           4.82400690e+00           9.75639772e-01           1.57626552e-02
          -1.09368851e+00           8.19388688e-01           7.71238363e-03           1.77307374e-03           8.23902141e-04           2.15204410e+00          -1.36413707e+00           1.16129482e-02           4.85967809e+00           9.75179937e-01           1.58712573e-02
          -1.09527351e+00           8.20073605e-01           7.70277828e-03           1.76887467e-03           8.21816642e-04           2.15239577e+00          -1.36981522e+00           1.16269720e-02           4.88926241e+00           9.74720066e-01           1.59659244e-02
          -1.09684457e+00           8.20754170e-01           7.69519772e-03           1.76569065e-03           8.19998551e-04           2.15328509e+00          -1.37547208e+00           1.16404202e-02           4.91601170e+00           9.74260442e-01           1.60431783e-02
          -1.09840320e+00           8.21431160e-01           7.68962659e-03           1.76353717e-03           8.18444638e-04           2.15474216e+00          -1.38109858e+00           1.16532724e-02           4.94217594e+00           9.73801327e-01           1.60894622e-02
          -1.09995083e+00           8.22104752e-01           7.68533022e-03           1.76196438e-03           8.17095127e-04           2.15637607e+00          -1.38669301e+00           1.16655422e-02           4.97147314e+00           9.73342605e-01           1.61337188e-02
          -1.10148860e+00           8.22775185e-01           7.68192748e-03           1.76063491e-03           8.15906069e-04           2.15788921e+00          -1.39226690e+00           1.16772631e-02           5.00817334e+00           9.72883495e-01           1.61875765e-02
          -1.10301767e+00           8.23442697e-01           7.67874282e-03           1.75928271e-03           8.14779416e-04           2.15921350e+00          -1.39782775e+00           1.16885188e-02           5.05369923e+00           9.72423204e-01           1.62411502e-02
          -1.10453908e+00           8.24107408e-01           7.67497199e-03           1.75756740e-03           8.13631268e-04           2.16015223e+00          -1.40338534e+00           1.16994190e-02           5.11076764e+00           9.71960790e-01           1.63145658e-02
          -1.10605388e+00           8.24769497e-01           7.66989551e-03           1.75520934e-03           8.12366457e-04           2.16061277e+00          -1.40895062e+00           1.17100912e-02           5.18038652e+00           9.71826314e-01           1.64101873e-02
          -1.10756297e+00           8.25429022e-01           7.66267198e-03           1.75182955e-03           8.10869727e-04           2.16043279e+00          -1.41453560e+00           1.17206708e-02           5.26203447e+00           9.71351682e-01           1.65287041e-02
          -1.10906732e+00           8.26086223e-01           7.65263673e-03           1.74723112e-03           8.09044190e-04           2.15962383e+00          -1.42015070e+00           1.17312818e-02           5.35403392e+00           9.70871336e-01           1.66758252e-02
          -1.11056758e+00           8.26741099e-01           7.63922646e-03           1.74110762e-03           8.06813369e-04           2.15800542e+00          -1.42581335e+00           1.17420024e-02           5.45290495e+00           9.70384085e-01           1.68563209e-02
          -1.11206418e+00           8.27394128e-01           7.62288357e-03           1.73374535e-03           8.04197983e-04           2.15586881e+00          -1.43155076e+00           1.17528327e-02           5.55499466e+00           9.69888658e-01           1.70631583e-02
          -1.11355828e+00           8.28046381e-01           7.60428151e-03           1.72571843e-03           8.01248582e-04           2.15378656e+00          -1.43737404e+00           1.17637363e-02           5.65613998e+00           9.69384508e-01           1.72644806e-02
          -1.11505116e+00           8.28698874e-01           7.58410609e-03           1.71741541e-03           7.98078702e-04           2.15193740e+00          -1.44328680e+00           1.17746192e-02           5.75177635e+00           9.68871586e-01           1.74624202e-02
          -1.11654440e+00           8.29352796e-01           7.56323427e-03           1.70930705e-03           7.94815074e-04           2.15057201e+00          -1.44929378e+00           1.17853350e-02           5.84099003e+00           9.68349844e-01           1.76486379e-02
          -1.11803971e+00           8.30009341e-01           7.54264565e-03           1.70175520e-03           7.91601726e-04           2.14976186e+00          -1.45540324e+00           1.17956881e-02           5.92412759e+00           9.67819016e-01           1.78229042e-02
          -1.11953918e+00           8.30670059e-01           7.52340334e-03           1.69529667e-03           7.88552357e-04           2.14988473e+00          -1.46162197e+00           1.18055049e-02           6.00407711e+00           9.67278754e-01           1.79542273e-02
          -1.12104513e+00           8.31336379e-01           7.50590263e-03           1.69024580e-03           7.85774499e-04           2.15105708e+00          -1.46794591e+00           1.18146787e-02           6.08941355e+00           9.66728847e-01           1.80501070e-02
          -1.12256104e+00           8.32009852e-01           7.48941309e-03           1.68644756e-03           7.83247537e-04           2.15314761e+00          -1.47436535e+00           1.18232268e-02           6.18631149e+00           9.66168734e-01           1.81172840e-02
          -1.12408968e+00           8.32690895e-01           7.47177030e-03           1.68285076e-03           7.80777119e-04           2.15535358e+00          -1.48087972e+00           1.18313037e-02           6.30752059e+00           9.65597285e-01           1.81905524e-02
          -1.12563325e+00           8.33379448e-01           7.45024358e-03           1.67819506e-03           7.78093819e-04           2.15680297e+00          -1.48750877e+00           1.18391816e-02           6.46246176e+00           9.65011744e-01           1.83128057e-02
          -1.12719364e+00           8.34075272e-01           7.42169297e-03           1.67117794e-03           7.74778946e-04           2.15697387e+00          -1.49428086e+00           1.18472483e-02           6.65363392e+00           9.64692996e-01           1.85033592e-02
          -1.12877235e+00           8.34778011e-01           7.38255824e-03           1.66052919e-03           7.70447161e-04           2.15527978e+00          -1.50121362e+00           1.18560174e-02           6.88766288e+00           9.64058495e-01           1.87966373e-02
          -1.13036994e+00           8.35486591e-01           7.32948540e-03           1.64461040e-03           7.64660171e-04           2.15077293e+00          -1.50835655e+00           1.18659377e-02           7.14860770e+00           9.63397105e-01           1.92423963e-02
          -1.13198471e+00           8.36200416e-01           7.26297890e-03           1.62349660e-03           7.57230815e-04           2.14399173e+00          -1.51583524e+00           1.18771467e-02           7.42706047e+00           9.62703803e-01           1.98165690e-02
          -1.13361616e+00           8.36921632e-01           7.18617798e-03           1.59938467e-03           7.48451247e-04           2.13692566e+00          -1.52375835e+00           1.18896967e-02           7.71230694e+00           9.61974047e-01           2.04320918e-02
          -1.13526572e+00           8.37653995e-01           7.10356993e-03           1.57511140e-03           7.38896177e-04           2.13170869e+00          -1.53216500e+00           1.19034726e-02           7.96992479e+00           9.61207460e-01           2.09997233e-02
          -1.13693599e+00           8.38401794e-01           7.02097318e-03           1.55239184e-03           7.27994992e-04           2.13242104e+00          -1.54103077e+00           1.19184700e-02           8.22998776e+00           9.60646722e-01           2.14272411e-02
          -1.13863281e+00           8.39170515e-01           6.93975853e-03           1.53497999e-03           7.18435118e-04           2.13656035e+00          -1.55007534e+00           1.19362168e-02           8.46943785e+00           9.59793263e-01           2.16751857e-02
          -1.14036657e+00           8.39959920e-01           6.83748281e-03           1.51457012e-03           7.07264292e-04           2.14144859e+00          -1.55885591e+00           1.19594176e-02           8.65683195e+00           9.58923586e-01           2.20300522e-02
          -1.14213323e+00           8.40755999e-01           6.69323814e-03           1.47533105e-03           6.91146853e-04           2.13461299e+00          -1.56681144e+00           1.19914142e-02           8.73184546e+00           9.58048571e-01           2.31355361e-02
          -1.14714545e+00           8.43019486e-01           6.20889137e-03           1.30481420e-03           6.29477536e-04           2.07285268e+00          -1.59268630e+00           1.21020750e-02           4.80320891e+00           9.55560000e-01           2.86999786e-02
          -1.14839904e+00           8.43703687e-01           6.30552782e-03           1.37742764e-03           6.42293046e-04           2.14454702e+00          -1.58903322e+00           1.21158676e-02           2.29724261e+00           9.55249284e-01           2.40525584e-02
          -1.14947086e+00           8.44383478e-01           6.67289817e-03           1.56847613e-03           6.82437605e-04           2.29834365e+00          -1.56552220e+00           1.21060214e-02           8.57003208e-01           9.55358797e-01           1.58094322e-02
          -1.15044802e+00           8.45088244e-01           7.22497049e-03           1.87765077e-03           7.37594293e-04           2.54564167e+00          -1.52665732e+00           1.20988321e-02           6.67294990e-01           9.55788624e-01           7.63365399e-03
          -1.15136721e+00           8.45804930e-01           7.75330983e-03           2.26115092e-03           7.87515390e-04           2.87124664e+00          -1.48709359e+00           1.21171111e-02           7.89967928e-01           9.55062692e-01           2.41629926e-03
          -1.15221414e+00           8.46498787e-01           8.37669588e-03           2.71464385e-03           8.40072934e-04           3.23143829e+00          -1.43636679e+00           1.21546171e-02           1.32699612e+00           9.55054896e-01          -2.98637728e-04
          -1.15296480e+00           8.47153842e-01           9.29457516e-03           3.34334778e-03           9.20752509e-04           3.63110363e+00          -1.34228633e+00           1.22296853e-02           2.01357284e+00           9.55147675e-01          -1.69836244e-03
          -1.15366698e+00           8.47810268e-01           1.07820600e-02           4.26066839e-03           1.03596623e-03           4.11274833e+00          -1.21987776e+00           1.23355882e-02           2.97630724e+00           9.55321681e-01          -2.07926725e-03
          -1.15439343e+00           8.48514736e-01           1.21817487e-02           5.30301152e-03           1.12414000e-03           4.71739420e+00          -1.13695547e+00           1.24625027e-02           3.46889609e+00           9.55561218e-01          -1.88636089e-03
          -1.15514294e+00           8.49249482e-01           1.30974147e-02           6.30035064e-03           1.16344507e-03           5.41525406e+00          -1.09152949e+00           1.26409035e-02           3.82146561e+00           9.55851010e-01          -1.68173066e-03
          -1.15585912e+00           8.49956036e-01           1.44638615e-02           7.43630949e-03           1.21432134e-03           6.12383989e+00          -1.03759564e+00           1.28930555e-02           3.64242217e+00           9.56098688e-01          -1.59642999e-03
          -1.15653548e+00           8.50628912e-01           1.61711721e-02           8.94272001e-03           1.29308283e-03           6.91581374e+00          -9.54727353e-01           1.34552021e-02           3.35543878e+00           9.56777287e-01          -1.56030672e-03
          -1.15718896e+00           8.51282179e-01           1.84502421e-02           1.08750329e-02           1.41356519e-03           7.69333664e+00          -8.88567927e-01           1.45236016e-02           2.95787191e+00           9.57530588e-01          -1.47895903e-03
          -1.15782678e+00           8.51919293e-01           2.17609140e-02           1.32472523e-02           1.64514863e-03           8.05231341e+00          -9.78889546e-01           1.63340281e-02           2.36260064e+00           9.57189953e-01          -1.29138858e-03
          -1.15845120e+00           8.52539420e-01           2.59586909e-02           1.62750135e-02           1.91344320e-03           8.50561623e+00          -1.05178628e+00           2.01690693e-02           1.93106558e+00           9.54797636e-01          -9.82527626e-04
          -1.15906279e+00           8.53140533e-01           3.14287692e-02           2.03218772e-02           2.22621025e-03           9.12846268e+00          -1.10265793e+00           2.83159174e-02           2.19821312e+00           9.51516900e-01          -5.79440553e-04
          -1.15966035e+00           8.53718758e-01           3.98715365e-02           2.60521704e-02           2.63306839e-03           9.89422474e+00          -1.10928049e+00           4.61218248e-02           3.61241859e+00           9.49110843e-01          -1.42204759e-04
          -1.16024504e+00           8.54272127e-01           5.00268741e-02           3.39552547e-02           2.85000470e-03           1.19141048e+01          -1.04332947e+00           7.65906277e-02           5.98516908e+00           9.47175000e-01           2.55901793e-04
          -1.16081916e+00           8.54799330e-01           5.13180514e-02           4.00612184e-02           1.47207294e-03           2.72141532e+01          -7.23727013e-01           1.11282917e-01           5.02743203e+00           9.45943681e-01           5.32052680e-04
          -1.16138706e+00           8.55300427e-01           5.09131561e-02           4.23577475e-02           3.76079285e-04           1.12629834e+02          -4.28847550e-01           1.12833072e-01           6.65178327e-01           9.45149533e-01           6.32166202e-04
          -1.16195646e+00           8.55779111e-01           5.06203633e-02           3.74996485e-02           3.78289387e-03           9.91295283e+00          -3.59736047e-01           1.17860324e-01          -7.69558366e-03           9.44756229e-01           5.61805233e-04
          -1.16253090e+00           8.56236398e-01           5.04404635e-02           3.13666946e-02           6.43446641e-03           4.87479344e+00          -4.40279420e-01           1.24129877e-01           8.92935239e-01           9.44626452e-01           3.64909507e-04
          -1.16311251e+00           8.56671929e-01           5.03296725e-02           2.81792686e-02           7.35013801e-03           3.83384211e+00          -5.91470117e-01           1.21632433e-01           1.71516172e+00           9.44573793e-01           9.55890207e-05
          -1.16370395e+00           8.57085764e-01           5.03176679e-02           2.65202596e-02           7.68331529e-03           3.45166880e+00          -7.57554478e-01           1.12156899e-01           2.26815806e+00           9.44485368e-01          -1.88180187e-04
          -1.16430890e+00           8.57479811e-01           5.03511186e-02           2.55104468e-02           7.84743873e-03           3.25079911e+00          -9.12438686e-01           9.92973373e-02           2.42046329e+00           9.44354241e-01          -4.40681356e-04
          -1.16492831e+00           8.57855320e-01           5.04378719e-02           2.47244369e-02           7.93573959e-03           3.11558067e+00          -1.04394637e+00           8.70826502e-02           2.50530797e+00           9.44194272e-01          -6.46464960e-04
          -1.16556025e+00           8.58212829e-01           5.05577963e-02           2.39764801e-02           7.97290795e-03           3.00724406e+00          -1.15292814e+00           7.67009466e-02           2.55919021e+00           9.44027555e-01          -8.22350510e-04
          -1.16619458e+00           8.58546197e-01           5.07273194e-02           2.31668671e-02           7.95364396e-03           2.91273625e+00          -1.25087602e+00           6.69103361e-02           2.61405642e+00           9.43851240e-01          -9.99280015e-04
          -1.16682627e+00           8.58847261e-01           5.09744414e-02           2.22134610e-02           7.85595227e-03           2.82759623e+00          -1.33872326e+00           5.70447917e-02           2.59805107e+00           9.43670202e-01          -1.17040293e-03
          -1.16745522e+00           8.59109759e-01           4.83809352e-02           2.05369027e-02           7.41631571e-03           2.76915163e+00          -1.38136061e+00           5.26051384e-02           2.53775558e+00           9.43506597e-01          -1.28537187e-03
          -1.16808479e+00           8.59328747e-01           4.57217440e-02           1.90049184e-02           6.99798469e-03           2.71577022e+00          -1.40921490e+00           4.90923049e-02           2.39253891e+00           9.43378464e-01          -1.27186620e-03
          -1.16872066e+00           8.59501362e-01           4.26943653e-02           1.75491000e-02           6.57146299e-03           2.67050124e+00          -1.41439334e+00           4.74412069e-02           2.22729831e+00           9.43294717e-01          -1.05503299e-03
          -1.16936657e+00           8.59623671e-01           4.05719149e-02           1.64066806e-02           6.25143673e-03           2.62446559e+00          -1.40941830e+00           4.51045289e-02           2.09618032e+00           9.43318315e-01          -5.83151478e-04
          -1.17002836e+00           8.59689713e-01           3.86306253e-02           1.54419912e-02           5.97943691e-03           2.58251596e+00          -1.38629880e+00           4.34239887e-02           1.94875746e+00           9.43325167e-01           1.34539915e-04
