           y_out     y_out_norm         PT_out    density_out          u_out          v_out         ps_out          omega          angle
    -0.64917200      1.0000000       7759.224     0.07967264       63.30994     -124.50658       6950.395     0.01016340       -63.0473
    -0.64556000      0.9954793       7758.314     0.07967317       63.26250     -124.43649       6950.491     0.01126914       -63.0516
    -0.64199700      0.9910200       7757.374     0.07967367       63.21426     -124.36531       6950.573     0.01240991       -63.0560
    -0.63842600      0.9865507       7756.351     0.07967397       63.16294     -124.28864       6950.647     0.01365322       -63.0605
    -0.63485300      0.9820788       7755.286     0.07967417       63.11001     -124.20967       6950.714     0.01494677       -63.0652
    -0.63127600      0.9776020       7754.185     0.07967426       63.05560     -124.12827       6950.779     0.01628332       -63.0700
    -0.62769600      0.9731214       7753.037     0.07967422       62.99963     -124.04409       6950.836     0.01767720       -63.0749
    -0.62411300      0.9686370       7751.791     0.07967401       62.93989     -123.95295       6950.890     0.01919098       -63.0798
    -0.62052600      0.9641477       7750.439     0.07967364       62.87623     -123.85466       6950.936     0.02083271       -63.0849
    -0.61693500      0.9596533       7749.009     0.07967314       62.80969     -123.75123       6950.974     0.02256931       -63.0900
    -0.61334100      0.9551552       7747.503     0.07967252       62.74026     -123.64271       6951.006     0.02439870       -63.0953
    -0.60974300      0.9506521       7745.862     0.07967174       62.66577     -123.52483       6951.029     0.02639230       -63.1007
    -0.60614200      0.9461452       7744.112     0.07967084       62.58733     -123.39941       6951.045     0.02851681       -63.1062
    -0.60253800      0.9416345       7742.313     0.07966983       62.50717     -123.27068       6951.053     0.03070228       -63.1117
    -0.59892900      0.9371176       7740.464     0.07966873       62.42536     -123.13869       6951.055     0.03294781       -63.1172
    -0.59531600      0.9325957       7738.548     0.07966749       62.34125     -123.00186       6951.052     0.03527507       -63.1227
    -0.59170100      0.9280713       7736.596     0.07966612       62.25608     -122.86262       6951.043     0.03764543       -63.1281
    -0.58808100      0.9235407       7734.616     0.07966464       62.17010     -122.72158       6951.027     0.04005038       -63.1335
    -0.58445700      0.9190050       7732.606     0.07966306       62.08329     -122.57854       6951.005     0.04249185       -63.1388
    -0.58083000      0.9144656       7730.504     0.07966127       61.99310     -122.42904       6950.976     0.04504513       -63.1442
    -0.57719800      0.9099199       7728.332     0.07965934       61.90040     -122.27495       6950.938     0.04768279       -63.1497
    -0.57356300      0.9053705       7726.098     0.07965726       61.80547     -122.11672       6950.890     0.05039576       -63.1552
    -0.56992400      0.9008160       7723.786     0.07965503       61.70761     -121.95327       6950.834     0.05320344       -63.1609
    -0.56628100      0.8962566       7721.365     0.07965253       61.60535     -121.78257       6950.765     0.05614446       -63.1668
    -0.56263400      0.8916921       7718.891     0.07964988       61.50121     -121.60842       6950.688     0.05914834       -63.1728
    -0.55898300      0.8871227       7716.365     0.07964709       61.39521     -121.43079       6950.602     0.06221616       -63.1789
    -0.55532800      0.8825482       7713.778     0.07964414       61.28681     -121.24892       6950.507     0.06535906       -63.1851
    -0.55167000      0.8779700       7711.113     0.07964112       61.17522     -121.06118       6950.410     0.06859518       -63.1914
    -0.54800700      0.8733855       7708.391     0.07963804       61.06137     -120.86916       6950.307     0.07190102       -63.1977
    -0.54434100      0.8687972       7705.614     0.07963490       60.94531     -120.67300       6950.200     0.07527351       -63.2042
    -0.54067000      0.8642028       7702.702     0.07963176       60.82348     -120.46630       6950.090     0.07881084       -63.2108
    -0.53699600      0.8596045       7699.676     0.07962858       60.69682     -120.25101       6949.974     0.08248590       -63.2176
    -0.53331700      0.8550000       7696.561     0.07962535       60.56636     -120.02897       6949.853     0.08626943       -63.2246
    -0.52963500      0.8503917       7693.345     0.07962206       60.43174     -119.79924       6949.726     0.09017478       -63.2317
    -0.52594800      0.8457772       7689.970     0.07961874       60.28997     -119.55715       6949.595     0.09427381       -63.2392
    -0.52225800      0.8411589       7686.518     0.07961536       60.14488     -119.30899       6949.459     0.09846659       -63.2469
    -0.51856400      0.8365357       7682.991     0.07961189       59.99658     -119.05486       6949.318     0.10275053       -63.2546
    -0.51486500      0.8319061       7679.388     0.07960835       59.84500     -118.79468       6949.172     0.10712549       -63.2625
    -0.51116400      0.8272741       7675.694     0.07960474       59.68903     -118.52726       6949.021     0.11161228       -63.2707
    -0.50745800      0.8226358       7671.960     0.07960107       59.53142     -118.25655       6948.862     0.11614769       -63.2789
    -0.50374800      0.8179925       7668.194     0.07959734       59.37239     -117.98318       6948.697     0.12072116       -63.2872
    -0.50003300      0.8133429       7664.400     0.07959356       59.21194     -117.70743       6948.525     0.12532964       -63.2956
    -0.49631600      0.8086909       7660.651     0.07958981       59.05247     -117.43525       6948.347     0.12988247       -63.3044
    -0.49259400      0.8040325       7656.950     0.07958606       58.89435     -117.16644       6948.166     0.13437679       -63.3134
    -0.48886900      0.7993705       7653.298     0.07958231       58.73764     -116.90103       6947.984     0.13881259       -63.3225
    -0.48513900      0.7947021       7649.704     0.07957857       58.58277     -116.63966       6947.800     0.14317832       -63.3317
    -0.48140600      0.7900300       7646.233     0.07957490       58.43197     -116.38726       6947.621     0.14739286       -63.3412
    -0.47766900      0.7853529       7642.850     0.07957127       58.28421     -116.14130       6947.441     0.15150220       -63.3507
    -0.47392800      0.7806708       7639.547     0.07956767       58.13938     -115.90128       6947.260     0.15551379       -63.3604
    -0.47018300      0.7759837       7636.334     0.07956411       57.99799     -115.66804       6947.077     0.15941539       -63.3700
    -0.46643400      0.7712916       7633.239     0.07956062       57.86125     -115.44408       6946.890     0.16317452       -63.3797
    -0.46268200      0.7665957       7630.427     0.07955722       57.73573     -115.24282       6946.700     0.16659016       -63.3895
    -0.45892600      0.7618949       7627.835     0.07955386       57.61921     -115.05901       6946.510     0.16973796       -63.3992
    -0.45516600      0.7571890       7625.476     0.07955057       57.51204     -114.89359       6946.321     0.17260343       -63.4089
    -0.45140200      0.7524781       7623.362     0.07954735       57.41472     -114.74782       6946.134     0.17517043       -63.4187
    -0.44763400      0.7477622       7621.524     0.07954422       57.32839     -114.62408       6945.950     0.17740295       -63.4284
    -0.44386300      0.7430426       7620.052     0.07954118       57.25691     -114.53007       6945.768     0.17919121       -63.4382
    -0.44008800      0.7383179       7618.766     0.07953812       57.19352     -114.45158       6945.580     0.18075298       -63.4479
    -0.43631000      0.7335895       7617.671     0.07953505       57.13869     -114.38893       6945.387     0.18208191       -63.4573
    -0.43252700      0.7288548       7616.781     0.07953197       57.09311     -114.34307       6945.190     0.18316283       -63.4664
    -0.42874100      0.7241164       7616.114     0.07952887       57.05758     -114.31543       6944.990     0.18397385       -63.4751
    -0.42495100      0.7193730       7615.744     0.07952583       57.03524     -114.31204       6944.787     0.18442266       -63.4834
    -0.42115800      0.7146258       7615.805     0.07952295       57.03145     -114.34340       6944.586     0.18434929       -63.4912
    -0.41736100      0.7098736       7616.216     0.07952022       57.04278     -114.40316       6944.385     0.18385013       -63.4986
    -0.41356100      0.7051176       7616.987     0.07951763       57.06945     -114.49217       6944.183     0.18291373       -63.5057
    -0.40975700      0.7003567       7618.124     0.07951519       57.11162     -114.61091       6943.980     0.18153274       -63.5125
    -0.40594900      0.6955907       7619.631     0.07951288       57.16950     -114.75958       6943.778     0.17970198       -63.5190
    -0.40213700      0.6908198       7621.508     0.07951068       57.24321     -114.93783       6943.575     0.17742235       -63.5250
    -0.39832200      0.6860451       7623.748     0.07950858       57.33267     -115.14478       6943.373     0.17470233       -63.5305
    -0.39450400      0.6812666       7626.378     0.07950658       57.43930     -115.38223       6943.174     0.17150764       -63.5351
    -0.39068200      0.6764831       7629.235     0.07950464       57.55607     -115.63680       6942.976     0.16803805       -63.5390
    -0.38685700      0.6716959       7632.255     0.07950277       57.68025     -115.90358       6942.776     0.16437013       -63.5424
    -0.38302800      0.6669036       7635.384     0.07950100       57.80931     -116.17782       6942.579     0.16056964       -63.5454
    -0.37919500      0.6621064       7638.576     0.07949939       57.94122     -116.45556       6942.385     0.15669350       -63.5478
    -0.37535900      0.6573054       7641.799     0.07949794       58.07465     -116.73435       6942.194     0.15277891       -63.5499
    -0.37152000      0.6525006       7645.051     0.07949664       58.20922     -117.01369       6942.010     0.14882928       -63.5517
    -0.36767700      0.6476909       7648.356     0.07949551       58.34592     -117.29545       6941.835     0.14481515       -63.5530
    -0.36383100      0.6428773       7651.758     0.07949456       58.48679     -117.58301       6941.666     0.14068285       -63.5539
    -0.35998100      0.6380588       7655.296     0.07949380       58.63370     -117.87934       6941.503     0.13638627       -63.5540
    -0.35612800      0.6332365       7658.981     0.07949321       58.78733     -118.18511       6941.346     0.13191040       -63.5534
    -0.35227200      0.6284105       7662.794     0.07949280       58.94699     -118.49842       6941.198     0.12727998       -63.5520
    -0.34841200      0.6235795       7666.688     0.07949259       59.11067     -118.81539       6941.059     0.12255083       -63.5496
    -0.34454900      0.6187447       7670.623     0.07949259       59.27638     -119.13290       6940.932     0.11777116       -63.5467
    -0.34068300      0.6139061       7674.575     0.07949279       59.44288     -119.44911       6940.816     0.11297162       -63.5431
    -0.33681300      0.6090626       7678.523     0.07949315       59.60937     -119.76278       6940.708     0.10817597       -63.5392
    -0.33294100      0.6042165       7682.446     0.07949361       59.77507     -120.07247       6940.607     0.10341229       -63.5347
    -0.32906500      0.5993655       7686.310     0.07949407       59.93879     -120.37608       6940.507     0.09871892       -63.5299
    -0.32518500      0.5945094       7690.083     0.07949448       60.09917     -120.67137       6940.409     0.09413644       -63.5249
    -0.32130300      0.5896508       7693.742     0.07949483       60.25524     -120.95674       6940.311     0.08969248       -63.5196
    -0.31741800      0.5847885       7697.282     0.07949514       60.40685     -121.23185       6940.213     0.08539339       -63.5141
    -0.31352900      0.5799212       7700.708     0.07949543       60.55433     -121.49716       6940.114     0.08123280       -63.5083
    -0.30963700      0.5750501       7704.025     0.07949572       60.69786     -121.75321       6940.016     0.07720329       -63.5023
    -0.30574300      0.5701765       7707.239     0.07949602       60.83729     -122.00023       6939.921     0.07330046       -63.4962
    -0.30184500      0.5652979       7710.352     0.07949642       60.97240     -122.23830       6939.833     0.06951998       -63.4900
    -0.29794400      0.5604155       7713.370     0.07949697       61.10337     -122.46762       6939.754     0.06585439       -63.4838
    -0.29404000      0.5555294       7716.295     0.07949770       61.23064     -122.68844       6939.684     0.06230125       -63.4774
    -0.29013400      0.5506408       7719.134     0.07949857       61.35482     -122.90121       6939.620     0.05885303       -63.4707
    -0.28622400      0.5457472       7721.893     0.07949953       61.47650     -123.10652       6939.560     0.05550301       -63.4635
    -0.28231200      0.5408511       7724.574     0.07950051       61.59611     -123.30485       6939.502     0.05224697       -63.4559
    -0.27839700      0.5359512       7727.202     0.07950148       61.71457     -123.49799       6939.447     0.04905445       -63.4477
    -0.27447900      0.5310476       7729.771     0.07950243       61.83158     -123.68544       6939.396     0.04593438       -63.4391
    -0.27055900      0.5261414       7732.253     0.07950337       61.94593     -123.86520       6939.349     0.04292083       -63.4300
    -0.26663600      0.5212315       7734.604     0.07950426       62.05581     -124.03442       6939.304     0.04006501       -63.4207
    -0.26271000      0.5163179       7736.789     0.07950509       62.15949     -124.19065       6939.260     0.03741169       -63.4113
    -0.25878200      0.5114018       7738.792     0.07950587       62.25609     -124.33305       6939.217     0.03497910       -63.4019
    -0.25485100      0.5064819       7740.628     0.07950661       62.34602     -124.46289       6939.176     0.03274825       -63.3928
    -0.25091800      0.5015594       7742.336     0.07950732       62.43064     -124.58281       6939.138     0.03067418       -63.3837
    -0.24698200      0.4966333       7743.951     0.07950803       62.51132     -124.69537       6939.106     0.02871248       -63.3748
    -0.24304500      0.4917059       7745.494     0.07950875       62.58884     -124.80195       6939.080     0.02683936       -63.3660
    -0.23910400      0.4867735       7746.959     0.07950946       62.66317     -124.90237       6939.059     0.02505901       -63.3572
    -0.23516200      0.4818398       7748.313     0.07951003       62.73314     -124.99448       6939.039     0.02341537       -63.3485
    -0.23121800      0.4769036       7749.568     0.07951042       62.79952     -125.07950       6939.016     0.02189137       -63.3398
    -0.22727200      0.4719650       7750.731     0.07951063       62.86270     -125.15815       6938.989     0.02047831       -63.3312
    -0.22332300      0.4670225       7751.818     0.07951069       62.92313     -125.23153       6938.958     0.01915789       -63.3226
    -0.21937300      0.4620788       7752.845     0.07951070       62.98121     -125.30064       6938.924     0.01791137       -63.3140
    -0.21542100      0.4571327       7753.822     0.07951071       63.03726     -125.36611       6938.890     0.01672495       -63.3056
    -0.21146700      0.4521840       7754.753     0.07951078       63.09139     -125.42809       6938.858     0.01559342       -63.2972
    -0.20751100      0.4472328       7755.623     0.07951093       63.14294     -125.48532       6938.828     0.01453724       -63.2889
    -0.20355400      0.4422804       7756.427     0.07951114       63.19167     -125.53743       6938.802     0.01356037       -63.2807
    -0.19959600      0.4373267       7757.174     0.07951137       63.23798     -125.58511       6938.779     0.01265289       -63.2726
    -0.19563600      0.4323705       7757.876     0.07951159       63.28238     -125.62928       6938.758     0.01180092       -63.2645
    -0.19167500      0.4274130       7758.547     0.07951180       63.32551     -125.67103       6938.740     0.01098572       -63.2565
    -0.18771300      0.4224543       7759.200     0.07951200       63.36777     -125.71116       6938.726     0.01019240       -63.2485
    -0.18374900      0.4174931       7759.831     0.07951223       63.40884     -125.74911       6938.719     0.00942681       -63.2405
    -0.17978500      0.4125319       7760.423     0.07951255       63.44788     -125.78353       6938.721     0.00870773       -63.2327
    -0.17582000      0.4075695       7760.966     0.07951298       63.48442     -125.81369       6938.734     0.00804722       -63.2249
    -0.17185400      0.4026058       7761.456     0.07951350       63.51825     -125.83940       6938.754     0.00745232       -63.2173
    -0.16788700      0.3976408       7761.901     0.07951406       63.54985     -125.86154       6938.780     0.00691204       -63.2099
    -0.16392000      0.3926758       7762.320     0.07951464       63.58012     -125.88168       6938.809     0.00640277       -63.2026
    -0.15995300      0.3877109       7762.738     0.07951523       63.61017     -125.90155       6938.840     0.00589580       -63.1954
    -0.15598500      0.3827447       7763.161     0.07951585       63.64024     -125.92149       6938.876     0.00538229       -63.1881
    -0.15201800      0.3777797       7763.582     0.07951649       63.67008     -125.94093       6938.916     0.00487040       -63.1809
    -0.14805000      0.3728135       7763.993     0.07951717       63.69932     -125.95917       6938.961     0.00437098       -63.1736
    -0.14408200      0.3678473       7764.382     0.07951788       63.72747     -125.97527       6939.013     0.00389951       -63.1664
    -0.14011500      0.3628824       7764.744     0.07951864       63.75443     -125.98903       6939.070     0.00345972       -63.1591
    -0.13614900      0.3579186       7765.095     0.07951945       63.78078     -126.00163       6939.131     0.00303274       -63.1519
    -0.13218200      0.3529537       7765.441     0.07952033       63.80667     -126.01336       6939.198     0.00261263       -63.1447
    -0.12821700      0.3479912       7765.783     0.07952133       63.83203     -126.02420       6939.272     0.00219800       -63.1375
    -0.12425300      0.3430300       7766.111     0.07952252       63.85645     -126.03338       6939.354     0.00179863       -63.1304
    -0.12028900      0.3380688       7766.432     0.07952388       63.87998     -126.04129       6939.445     0.00140950       -63.1233
    -0.11632700      0.3331101       7766.745     0.07952536       63.90269     -126.04811       6939.543     0.00102909       -63.1163
    -0.11236700      0.3281539       7767.052     0.07952696       63.92459     -126.05398       6939.649     0.00065673       -63.1095
    -0.10840800      0.3231990       7767.347     0.07952864       63.94558     -126.05876       6939.759     0.00029752       -63.1028
    -0.10445100      0.3182466       7767.628     0.07953040       63.96550     -126.06224       6939.873    -0.00004285       -63.0962
    -0.10049600      0.3132966       7767.895     0.07953222       63.98442     -126.06451       6939.992    -0.00036722       -63.0898
    -0.09654300      0.3083492       7768.148     0.07953408       64.00234     -126.06549       6940.116    -0.00067445       -63.0835
    -0.09259200      0.3034043       7768.374     0.07953597       64.01879     -126.06433       6940.244    -0.00094875       -63.0773
    -0.08864500      0.2984643       7768.550     0.07953787       64.03276     -126.05958       6940.374    -0.00116258       -63.0714
    -0.08470000      0.2935269       7768.684     0.07953979       64.04445     -126.05183       6940.508    -0.00132542       -63.0658
    -0.08075800      0.2885932       7768.778     0.07954171       64.05402     -126.04128       6940.644    -0.00144046       -63.0604
    -0.07681900      0.2836633       7768.840     0.07954364       64.06187     -126.02843       6940.782    -0.00151519       -63.0552
    -0.07288400      0.2787384       7768.876     0.07954554       64.06838     -126.01383       6940.921    -0.00155857       -63.0502
    -0.06895200      0.2738173       7768.903     0.07954748       64.07419     -125.99854       6941.062    -0.00159221       -63.0452
    -0.06502500      0.2689024       7768.928     0.07954947       64.07947     -125.98292       6941.207    -0.00162265       -63.0405
    -0.06110200      0.2639925       7768.956     0.07955153       64.08438     -125.96729       6941.355    -0.00165583       -63.0358
    -0.05718300      0.2590876       7768.989     0.07955372       64.08911     -125.95188       6941.507    -0.00169632       -63.0313
    -0.05326900      0.2541890       7769.022     0.07955598       64.09336     -125.93623       6941.662    -0.00173588       -63.0269
    -0.04936000      0.2492966       7769.052     0.07955831       64.09709     -125.92024       6941.821    -0.00177253       -63.0226
    -0.04545600      0.2444105       7769.079     0.07956070       64.10031     -125.90393       6941.982    -0.00180588       -63.0184
    -0.04155800      0.2395319       7769.105     0.07956315       64.10326     -125.88742       6942.145    -0.00183717       -63.0143
    -0.03766600      0.2346608       7769.140     0.07956563       64.10616     -125.87159       6942.310    -0.00187940       -63.0103
    -0.03377900      0.2297960       7769.190     0.07956813       64.10917     -125.85699       6942.476    -0.00194075       -63.0066
    -0.02990000      0.2249412       7769.262     0.07957065       64.11247     -125.84409       6942.644    -0.00202843       -63.0030
    -0.02602700      0.2200939       7769.380     0.07957318       64.11708     -125.83460       6942.812    -0.00217074       -62.9996
    -0.02216100      0.2152553       7769.534     0.07957572       64.12264     -125.82791       6942.981    -0.00235835       -62.9963
    -0.01830200      0.2104255       7769.716     0.07957828       64.12876     -125.82329       6943.153    -0.00257936       -62.9933
    -0.01445200      0.2056070       7769.922     0.07958085       64.13530     -125.82047       6943.326    -0.00282959       -62.9904
    -0.01060900      0.2007972       7770.149     0.07958341       64.14214     -125.81930       6943.501    -0.00310477       -62.9877
    -0.00677500      0.1959987       7770.386     0.07958597       64.14887     -125.81909       6943.676    -0.00339252       -62.9852
    -0.00295000      0.1912115       7770.615     0.07958853       64.15474     -125.81857       6943.852    -0.00367159       -62.9830
     0.00086600      0.1864355       7770.830     0.07959110       64.15948     -125.81718       6944.028    -0.00393166       -62.9811
     0.00467200      0.1816721       7771.020     0.07959366       64.16286     -125.81432       6944.205    -0.00416348       -62.9793
     0.00846900      0.1769199       7771.163     0.07959621       64.16402     -125.80821       6944.381    -0.00433678       -62.9778
     0.01225500      0.1721815       7771.253     0.07959877       64.16279     -125.79846       6944.556    -0.00444549       -62.9764
     0.01603000      0.1674568       7771.303     0.07960132       64.15971     -125.78608       6944.731    -0.00450631       -62.9752
     0.01979300      0.1627472       7771.318     0.07960389       64.15492     -125.77142       6944.905    -0.00452497       -62.9743
     0.02354500      0.1580513       7771.305     0.07960646       64.14864     -125.75500       6945.078    -0.00450931       -62.9735
     0.02728400      0.1533717       7771.268     0.07960904       64.14112     -125.73710       6945.250    -0.00446454       -62.9729
     0.03101100      0.1487071       7771.213     0.07961162       64.13271     -125.71803       6945.420    -0.00439718       -62.9724
     0.03472500      0.1440588       7771.154     0.07961420       64.12388     -125.69892       6945.591    -0.00432573       -62.9721
     0.03842500      0.1394280       7771.092     0.07961677       64.11462     -125.67979       6945.761    -0.00425069       -62.9719
     0.04211000      0.1348160       7771.025     0.07961931       64.10476     -125.66046       6945.931    -0.00416862       -62.9719
     0.04578000      0.1302228       7770.946     0.07962180       64.09411     -125.64058       6946.101    -0.00407337       -62.9721
     0.04943500      0.1256483       7770.852     0.07962425       64.08248     -125.61977       6946.270    -0.00395838       -62.9725
     0.05307400      0.1210939       7770.725     0.07962661       64.06938     -125.59682       6946.440    -0.00380437       -62.9730
     0.05669700      0.1165594       7770.573     0.07962891       64.05501     -125.57235       6946.609    -0.00362015       -62.9737
     0.06030200      0.1120476       7770.401     0.07963115       64.03949     -125.54669       6946.778    -0.00341153       -62.9746
     0.06388800      0.1075594       7770.210     0.07963334       64.02281     -125.51994       6946.945    -0.00317899       -62.9756
     0.06745600      0.1030939       7770.000     0.07963549       64.00500     -125.49220       6947.112    -0.00292394       -62.9770
     0.07100400      0.0986533       7769.773     0.07963762       63.98606     -125.46340       6947.279    -0.00264794       -62.9785
     0.07455500      0.0942090       7769.527     0.07963973       63.96594     -125.43345       6947.446    -0.00234955       -62.9803
     0.07810400      0.0897672       7769.260     0.07964175       63.94460     -125.40233       6947.613    -0.00202547       -62.9823
     0.07810400      0.0897672       7769.260     0.07964175       63.94460     -125.40233       6947.613    -0.00202547       -62.9823
     0.08145500      0.0855732       7768.990     0.07964368       63.92354     -125.37196       6947.767    -0.00169690       -62.9843
     0.08437900      0.0819136       7768.742     0.07964535       63.90458     -125.34474       6947.901    -0.00139586       -62.9861
     0.08699300      0.0786421       7768.513     0.07964683       63.88728     -125.32003       6948.019    -0.00111809       -62.9878
     0.08934300      0.0757009       7768.302     0.07964814       63.87147     -125.29756       6948.125    -0.00086224       -62.9894
     0.09147000      0.0730388       7768.109     0.07964933       63.85702     -125.27710       6948.221    -0.00062796       -62.9909
     0.09340800      0.0706133       7767.930     0.07965040       63.84373     -125.25826       6948.307    -0.00041031       -62.9922
     0.09518500      0.0683892       7767.764     0.07965138       63.83144     -125.24087       6948.386    -0.00020841       -62.9935
     0.09682500      0.0663367       7767.609     0.07965228       63.82005     -125.22479       6948.459    -0.00002065       -62.9946
     0.09834600      0.0644330       7767.465     0.07965312       63.80940     -125.20982       6948.526     0.00015521       -62.9957
     0.09976600      0.0626558       7767.328     0.07965389       63.79940     -125.19581       6948.588     0.00032080       -62.9967
     0.10109800      0.0609887       7767.199     0.07965461       63.78995     -125.18259       6948.646     0.00047805       -62.9977
     0.10235500      0.0594155       7767.075     0.07965529       63.78095     -125.17005       6948.700     0.00062819       -62.9987
     0.10354600      0.0579249       7766.956     0.07965593       63.77235     -125.15807       6948.751     0.00077255       -62.9996
     0.10468200      0.0565031       7766.841     0.07965654       63.76407     -125.14657       6948.800     0.00091223       -63.0005
     0.10577000      0.0551414       7766.729     0.07965712       63.75606     -125.13546       6948.846     0.00104810       -63.0013
     0.10681700      0.0538310       7766.620     0.07965767       63.74827     -125.12467       6948.890     0.00118110       -63.0022
     0.10782900      0.0525645       7766.512     0.07965820       63.74065     -125.11413       6948.932     0.00131196       -63.0030
     0.10881300      0.0513329       7766.406     0.07965871       63.73316     -125.10378       6948.973     0.00144142       -63.0038
     0.10977300      0.0501314       7766.300     0.07965921       63.72577     -125.09356       6949.013     0.00157014       -63.0046
     0.11071400      0.0489537       7766.194     0.07965969       63.71843     -125.08343       6949.052     0.00169874       -63.0054
     0.11164100      0.0477935       7766.087     0.07966016       63.71112     -125.07332       6949.090     0.00182791       -63.0062
     0.11255700      0.0466471       7765.980     0.07966062       63.70379     -125.06320       6949.127     0.00195821       -63.0069
     0.11346800      0.0455069       7765.871     0.07966107       63.69642     -125.05302       6949.164     0.00209032       -63.0077
     0.11437700      0.0443692       7765.760     0.07966152       63.68896     -125.04272       6949.201     0.00222488       -63.0085
     0.11528700      0.0432303       7765.647     0.07966196       63.68139     -125.03226       6949.238     0.00236258       -63.0094
     0.11620400      0.0420826       7765.530     0.07966239       63.67366     -125.02158       6949.274     0.00250417       -63.0102
     0.11713100      0.0409224       7765.410     0.07966283       63.66573     -125.01062       6949.311     0.00265045       -63.0110
     0.11807200      0.0397447       7765.285     0.07966326       63.65756     -124.99933       6949.348     0.00280229       -63.0119
     0.11903300      0.0385419       7765.155     0.07966370       63.64911     -124.98764       6949.386     0.00296066       -63.0128
     0.12001700      0.0373104       7765.018     0.07966414       63.64031     -124.97547       6949.424     0.00312667       -63.0138
     0.12103000      0.0360426       7764.874     0.07966458       63.63111     -124.96274       6949.463     0.00330156       -63.0148
     0.12207700      0.0347322       7764.721     0.07966502       63.62145     -124.94937       6949.503     0.00348670       -63.0158
     0.12316600      0.0333692       7764.559     0.07966547       63.61125     -124.93524       6949.544     0.00368377       -63.0169
     0.12430300      0.0319462       7764.386     0.07966593       63.60041     -124.92023       6949.587     0.00389470       -63.0181
     0.12549600      0.0304531       7764.199     0.07966639       63.58884     -124.90421       6949.632     0.00412161       -63.0193
     0.12675400      0.0288786       7763.996     0.07966687       63.57643     -124.88700       6949.678     0.00436728       -63.0206
     0.12808800      0.0272090       7763.776     0.07966735       63.56303     -124.86842       6949.727     0.00463465       -63.0221
     0.12951000      0.0254293       7763.535     0.07966784       63.54848     -124.84822       6949.778     0.00492757       -63.0236
     0.13103400      0.0235219       7763.269     0.07966834       63.53259     -124.82615       6949.831     0.00525061       -63.0253
     0.13267600      0.0214668       7762.974     0.07966885       63.51514     -124.80184       6949.888     0.00560880       -63.0272
     0.13445700      0.0192378       7762.644     0.07966937       63.49585     -124.77492       6949.949     0.00600945       -63.0292
     0.13640000      0.0168060       7762.267     0.07966989       63.47419     -124.74441       6950.012     0.00646829       -63.0315
     0.13853300      0.0141364       7761.829     0.07967041       63.44962     -124.70935       6950.081     0.00700018       -63.0339
     0.14089000      0.0111865       7761.324     0.07967094       63.42182     -124.66941       6950.152     0.00761299       -63.0366
     0.14351100      0.0079061       7760.738     0.07967148       63.39004     -124.62339       6950.229     0.00832511       -63.0397
     0.14647000      0.0042028       7760.050     0.07967205       63.35325     -124.56974       6950.312     0.00916088       -63.0432
     0.14982800      0.0000000       7759.224     0.07967264       63.30994     -124.50658       6950.395     0.01016342       -63.0473
