               variables=             ss           x_bl          delta        delta_1        delta_2              H             Ue            tke            dps            rho          tau_w
          -7.96901483e-04          -1.64805000e-05           1.27140996e-02          -1.14105622e-03          -1.66757584e-03           6.84260465e-01          -8.12719675e-01           1.09293273e-02          -1.51025363e+01           9.91808563e-01           3.94045695e-02
          -1.58568877e-03           2.70014000e-05           1.28138903e-02          -1.30659970e-03          -1.86796448e-03           6.99477809e-01          -7.75362915e-01           1.09754610e-02          -1.49041840e+01           9.93187846e-01           4.05477934e-02
          -2.37062817e-03           1.14192300e-04           1.28841359e-02          -1.47038499e-03          -2.07371918e-03           7.09056945e-01          -7.35753186e-01           1.10210559e-02          -1.46207070e+01           9.94596015e-01           4.11513945e-02
          -3.15386860e-03           2.45524300e-04           1.28968575e-02          -1.62663902e-03          -2.27542754e-03           7.14871817e-01          -6.94639827e-01           1.10660792e-02          -1.42795825e+01           9.96010345e-01           4.14005119e-02
          -3.93584542e-03           4.21181600e-04           1.28601305e-02          -1.77812242e-03          -2.47548855e-03           7.18291512e-01          -6.51686332e-01           1.11091007e-02          -1.38888933e+01           9.97421914e-01           4.16188212e-02
          -4.71195179e-03           6.41035700e-04           1.27545441e-02          -1.96634204e-03          -2.73248038e-03           7.19617991e-01          -6.03340702e-01           1.11501604e-02          -1.34390188e+01           9.98876902e-01           4.22943424e-02
          -5.47528608e-03           9.12058100e-04           1.29073352e-02          -2.36730212e-03          -3.31961915e-03           7.13124612e-01          -5.39908568e-01           1.11655244e-02          -1.24629458e+01           1.00043392e+00           4.29471032e-02
          -6.23077008e-03           1.24760800e-03           1.35021255e-02          -3.18652012e-03          -4.62702955e-03           6.88675116e-01          -4.57262929e-01           1.11417128e-02          -1.09475372e+01           1.00207826e+00           4.20555834e-02
          -6.99844035e-03           1.66647300e-03           1.39655872e-02          -4.29357231e-03          -6.62313163e-03           6.48269211e-01          -3.70820118e-01           1.11064253e-02          -9.64223167e+00           1.00361559e+00           3.82818868e-02
          -7.80963912e-03           2.18049810e-03           1.40898206e-02          -5.39791835e-03          -8.86262842e-03           6.09065177e-01          -2.96806288e-01           1.10674705e-02          -8.71968730e+00           1.00491019e+00           3.25532800e-02
          -8.67473835e-03           2.78583030e-03           1.38722813e-02          -6.30523680e-03          -1.09242251e-02           5.77179319e-01          -2.36499335e-01           1.10333459e-02          -7.94326165e+00           1.00597259e+00           2.70347038e-02
          -9.56985904e-03           3.46094000e-03           1.36476163e-02          -8.42305561e-03          -1.64508543e-02           5.12013265e-01          -1.66291804e-01           1.09810078e-02          -7.20327855e+00           1.00698919e+00           2.26386007e-02
          -1.04741445e-02           4.21054100e-03           1.36962039e-02          -2.06479656e-02          -6.69540392e-02           3.08390142e-01          -6.87061424e-02           1.08877797e-02          -6.03407662e+00           1.00799784e+00           1.74395286e-02
          -1.14485937e-02           5.09649930e-03           1.34481427e-02           5.66384391e-02          -2.89699728e-01          -1.95507395e-01           2.39383101e-02           1.08143827e-02          -5.09027288e+00           1.00878693e+00           1.08875458e-02
          -1.25660989e-02           6.16818340e-03           1.26276079e-02           1.25503498e-02          -4.92837482e-03          -2.54654938e+00           8.94717124e-02           1.08380380e-02          -3.81746845e+00           1.00945416e+00           4.72432267e-03
          -1.38579878e-02           7.44136840e-03           1.37075863e-02           6.12147939e-03           2.15534500e-03           2.84013900e+00          -2.33514014e-01           1.06823126e-02          -2.82182929e+00           1.00975372e+00           2.80061891e-04
          -1.51652207e-02           8.74518230e-03           9.14226779e-03           2.80866984e-03           1.59450016e-03           1.76147354e+00          -1.74710938e-01           1.13350818e-02          -1.48211327e+00           1.01005763e+00           3.58772312e-03
          -1.64704700e-02           1.00500584e-02           1.60356316e-03           4.41333246e-04           1.68329676e-04           2.62183862e+00          -1.57689622e-01           1.54542722e-02           5.01769350e+00           1.01007794e+00           5.75859184e-03
          -1.78204773e-02           1.13910269e-02           1.82223765e-03           4.95427573e-04           1.98046453e-04           2.50157257e+00          -2.11070673e-01           1.46003323e-02           6.53149485e+00           1.01003068e+00           6.99453372e-03
          -1.92354271e-02           1.27860196e-02           1.97526841e-03           5.32229105e-04           2.14794969e-04           2.47784716e+00          -2.53613783e-01           1.38080465e-02           5.62419630e+00           1.00994373e+00           7.83655483e-03
          -2.06546113e-02           1.41751943e-02           2.07044924e-03           5.59759222e-04           2.28501905e-04           2.44969171e+00          -2.89635330e-01           1.31644987e-02           6.25398683e+00           1.00982264e+00           8.57362541e-03
          -2.20728167e-02           1.55435810e-02           2.20719280e-03           6.07504759e-04           2.53389080e-04           2.39751752e+00          -3.19884664e-01           1.25699399e-02           5.32903869e+00           1.00967676e+00           8.81156999e-03
          -2.35288825e-02           1.69223230e-02           2.42546335e-03           6.69058507e-04           2.78966123e-04           2.39835038e+00          -3.43102122e-01           1.19503507e-02           4.22098194e+00           1.00952225e+00           8.51706713e-03
          -2.50370554e-02           1.83244478e-02           2.59843509e-03           7.41214509e-04           3.07524514e-04           2.41026154e+00          -3.61492307e-01           1.14210570e-02           3.60696405e+00           1.00937720e+00           8.03334529e-03
          -2.66019073e-02           1.97541881e-02           2.85673523e-03           8.24289356e-04           3.44254905e-04           2.39441572e+00          -3.74929972e-01           1.08894895e-02           2.53363381e+00           1.00924364e+00           7.46033842e-03
          -2.82297578e-02           2.12176666e-02           3.08054605e-03           9.11637660e-04           3.77817432e-04           2.41290523e+00          -3.85257028e-01           1.04267079e-02           1.95419535e+00           1.00912407e+00           6.84364889e-03
          -2.99260026e-02           2.27207951e-02           3.34749671e-03           1.01014941e-03           4.18614643e-04           2.41307711e+00          -3.92759670e-01           1.00021544e-02           1.39772330e+00           1.00902138e+00           6.23534456e-03
          -3.16969713e-02           2.42714547e-02           3.60863247e-03           1.11083508e-03           4.56053958e-04           2.43575361e+00          -3.98260113e-01           9.62523456e-03           9.47156796e-01           1.00893588e+00           5.66132592e-03
          -3.35474095e-02           2.58779787e-02           3.87776750e-03           1.21795042e-03           4.99232635e-04           2.43964503e+00          -4.02331378e-01           9.29484725e-03           6.64575234e-01           1.00886742e+00           5.16722231e-03
          -3.54746760e-02           2.75433734e-02           4.14652113e-03           1.31680319e-03           5.36755885e-04           2.45326269e+00          -4.05233375e-01           9.00027499e-03           4.51018749e-01           1.00881470e+00           4.77807096e-03
          -3.74722895e-02           2.92636398e-02           4.39116670e-03           1.41794319e-03           5.78624758e-04           2.45054014e+00          -4.07456680e-01           8.74894797e-03           2.91615245e-01           1.00877620e+00           4.45248467e-03
          -3.95397701e-02           3.10387891e-02           4.66456588e-03           1.51364493e-03           6.15078419e-04           2.46089747e+00          -4.08767307e-01           8.51835431e-03           1.83037680e-01           1.00875157e+00           4.15661446e-03
          -4.16782373e-02           3.28704379e-02           4.88623731e-03           1.61638314e-03           6.56528639e-04           2.46201466e+00          -4.09839586e-01           8.32648066e-03           7.77037150e-02           1.00874054e+00           3.88298956e-03
          -4.38896383e-02           3.47611606e-02           5.17637731e-03           1.71525024e-03           6.93324156e-04           2.47395136e+00          -4.10046640e-01           8.14386466e-03           6.97897460e-03           1.00874248e+00           3.62659024e-03
          -4.61763695e-02           3.67141925e-02           5.41210151e-03           1.81660541e-03           7.29343025e-04           2.49074214e+00          -4.10155485e-01           7.99062179e-03          -5.50938370e-02           1.00875627e+00           3.38772792e-03
          -4.85409440e-02           3.87331732e-02           5.68514940e-03           1.92579570e-03           7.72928376e-04           2.49155777e+00          -4.09770581e-01           7.84935480e-03          -1.03219018e-01           1.00878075e+00           3.16817148e-03
          -5.09854475e-02           4.08216640e-02           5.94189857e-03           2.03002662e-03           8.09972345e-04           2.50629127e+00          -4.09158447e-01           7.72333785e-03          -1.36818988e-01           1.00881512e+00           2.96915988e-03
          -5.35112828e-02           4.29824255e-02           6.17793103e-03           2.14112822e-03           8.53360773e-04           2.50905395e+00          -4.08439941e-01           7.61439481e-03          -1.62734001e-01           1.00885870e+00           2.78965634e-03
          -5.61204723e-02           4.52187173e-02           6.45759715e-03           2.24581209e-03           8.91008351e-04           2.52052866e+00          -4.07293059e-01           7.50811756e-03          -1.79639580e-01           1.00891071e+00           2.62742835e-03
          -5.88150010e-02           4.75340076e-02           6.69802610e-03           2.34930702e-03           9.27276477e-04           2.53355615e+00          -4.06154033e-01           7.41648482e-03          -1.88233853e-01           1.00897039e+00           2.48290382e-03
          -6.15964511e-02           4.99316864e-02           6.93406184e-03           2.45777999e-03           9.70806563e-04           2.53168868e+00          -4.04916486e-01           7.33481834e-03          -1.92119203e-01           1.00903703e+00           2.35720256e-03
          -6.44654250e-02           5.24145626e-02           7.19128634e-03           2.55446626e-03           1.00676546e-03           2.53730025e+00          -4.03437293e-01           7.25603040e-03          -1.89932054e-01           1.00910999e+00           2.25223142e-03
          -6.74195533e-02           5.49826771e-02           7.41314487e-03           2.64391594e-03           1.04047648e-03           2.54106266e+00          -4.01959401e-01           7.18779296e-03          -1.86393013e-01           1.00918886e+00           2.16889492e-03
          -7.04551908e-02           5.76327853e-02           7.61049734e-03           2.72730685e-03           1.07184793e-03           2.54449048e+00          -4.00439469e-01           7.12928853e-03          -1.83367959e-01           1.00927324e+00           2.09767734e-03
          -7.35718103e-02           6.03634603e-02           7.83171400e-03           2.81815003e-03           1.11314830e-03           2.53169323e+00          -3.98674315e-01           7.07319256e-03          -1.83651427e-01           1.00936266e+00           2.02812388e-03
          -7.67705852e-02           6.31745607e-02           8.05122114e-03           2.90135896e-03           1.14499166e-03           2.53395641e+00          -3.96746422e-01           7.02254917e-03          -1.87285641e-01           1.00945647e+00           1.95540117e-03
          -8.00548484e-02           6.60676360e-02           8.26234286e-03           2.98936421e-03           1.17654403e-03           2.54080097e+00          -3.94699758e-01           6.97868236e-03          -1.94392833e-01           1.00955365e+00           1.87388235e-03
          -8.34329189e-02           6.90496787e-02           8.47280329e-03           3.08427079e-03           1.20838258e-03           2.55239594e+00          -3.92528776e-01           6.94097404e-03          -1.98905535e-01           1.00965304e+00           1.78267207e-03
          -8.69117545e-02           7.21290112e-02           8.68327798e-03           3.18297489e-03           1.24063835e-03           2.56559446e+00          -3.90231817e-01           6.92278244e-03          -2.09244679e-01           1.01001233e+00           1.69426419e-03
          -9.79938219e-02           8.20161849e-02           9.35239494e-03           3.48045507e-03           1.35593718e-03           2.56682620e+00          -3.82478016e-01           7.10580142e-03          -1.95349049e-01           1.01035356e+00           1.49998134e-03
          -1.01905859e-01           8.55384469e-02           9.55731778e-03           3.56658812e-03           1.38783444e-03           2.56989451e+00          -3.79768158e-01           7.09610509e-03          -2.00763708e-01           1.01046943e+00           1.44521873e-03
          -1.05922852e-01           8.91719013e-02           9.75298098e-03           3.64776186e-03           1.41885569e-03           2.57091817e+00          -3.77003288e-01           7.06047643e-03          -2.00571368e-01           1.01058738e+00           1.39818370e-03
          -1.10045615e-01           9.29177627e-02           9.94061939e-03           3.72470550e-03           1.44909084e-03           2.57037405e+00          -3.74144417e-01           7.02314570e-03          -1.96897061e-01           1.01070719e+00           1.35689238e-03
          -1.14275456e-01           9.67775211e-02           1.01200948e-02           3.79785781e-03           1.47850818e-03           2.56870938e+00          -3.71155400e-01           6.98490747e-03          -1.92856675e-01           1.01082806e+00           1.31980543e-03
          -1.18614965e-01           1.00753687e-01           1.02921199e-02           3.86894826e-03           1.50705577e-03           2.56722302e+00          -3.68012596e-01           6.95277944e-03          -1.90187767e-01           1.01094955e+00           1.28271321e-03
          -1.23069215e-01           1.04851082e-01           1.04580900e-02           3.93987419e-03           1.53489629e-03           2.56686671e+00          -3.64717310e-01           6.92637371e-03          -1.87638634e-01           1.01107109e+00           1.24387201e-03
          -1.27648389e-01           1.09081328e-01           1.06148746e-02           4.00819979e-03           1.56185304e-03           2.56631045e+00          -3.61300252e-01           6.90771281e-03          -1.83248460e-01           1.01119164e+00           1.20704993e-03
          -1.32356663e-01           1.13453083e-01           1.07515937e-02           4.06499424e-03           1.58685958e-03           2.56165971e+00          -3.57791400e-01           6.89438872e-03          -1.76593733e-01           1.01131085e+00           1.18175588e-03
          -1.37189470e-01           1.17966808e-01           1.08548615e-02           4.10039825e-03           1.60812792e-03           2.54979606e+00          -3.54178864e-01           6.88461877e-03          -1.67578373e-01           1.01142967e+00           1.17507319e-03
          -1.42134203e-01           1.22611262e-01           1.09212722e-02           4.11442753e-03           1.62445006e-03           2.53281256e+00          -3.50443050e-01           6.87655733e-03          -1.58503144e-01           1.01154892e+00           1.18100199e-03
          -1.47187322e-01           1.27381116e-01           1.09572255e-02           4.09468094e-03           1.61566328e-03           2.53436530e+00          -3.46590181e-01           6.86882516e-03          -1.50447917e-01           1.01166847e+00           1.18829192e-03
          -1.52353708e-01           1.32279724e-01           1.09951316e-02           4.09067442e-03           1.62641295e-03           2.51515117e+00          -3.42612241e-01           6.85665860e-03          -1.42862237e-01           1.01178754e+00           1.19241952e-03
          -1.57638659e-01           1.37313083e-01           1.10098323e-02           4.07966957e-03           1.63323834e-03           2.49790215e+00          -3.38605114e-01           6.84233919e-03          -1.35420432e-01           1.01190561e+00           1.19638253e-03
          -1.63046201e-01           1.42486557e-01           1.09976739e-02           4.05916554e-03           1.63590069e-03           2.48130315e+00          -3.34607156e-01           6.82587204e-03          -1.26358333e-01           1.01202210e+00           1.20446916e-03
          -1.68578533e-01           1.47805139e-01           1.09460532e-02           4.02167062e-03           1.63250299e-03           2.46349970e+00          -3.30630799e-01           6.80862741e-03          -1.14945683e-01           1.01213579e+00           1.22139868e-03
          -1.74226031e-01           1.53262302e-01           1.08322473e-02           3.95685415e-03           1.61913805e-03           2.44380283e+00          -3.26618713e-01           6.79408630e-03          -1.03946202e-01           1.01224551e+00           1.25313276e-03
          -1.79968949e-01           1.58836782e-01           1.06797580e-02           3.85281534e-03           1.57779382e-03           2.44190039e+00          -3.22497066e-01           6.78282186e-03          -9.04670884e-02           1.01235036e+00           1.29307578e-03
          -1.85810522e-01           1.64527357e-01           1.05054593e-02           3.77216081e-03           1.55550338e-03           2.42504186e+00          -3.18324659e-01           6.77479312e-03          -7.70115274e-02           1.01244901e+00           1.31928269e-03
          -1.91770064e-01           1.70354351e-01           1.02736300e-02           3.68087317e-03           1.52368065e-03           2.41577733e+00          -3.14172688e-01           6.76928047e-03          -7.17306575e-02           1.01254072e+00           1.34177849e-03
          -1.97832422e-01           1.76306441e-01           9.98233316e-03           3.54278894e-03           1.46092547e-03           2.42503058e+00          -3.10230397e-01           6.76244598e-03          -5.31801103e-02           1.01262740e+00           1.39143513e-03
          -2.03964046e-01           1.82346404e-01           9.72449200e-03           3.43832496e-03           1.42680438e-03           2.40980825e+00          -3.07001677e-01           6.73526586e-03          -2.98178136e-02           1.01271302e+00           1.43837741e-03
          -2.10179963e-01           1.88483641e-01           9.47577102e-03           3.35280033e-03           1.39212529e-03           2.40840415e+00          -3.04347746e-01           6.71429772e-03          -3.43345408e-02           1.01280112e+00           1.45789419e-03
          -2.16501195e-01           1.94740877e-01           9.22866627e-03           3.24881353e-03           1.33468927e-03           2.43413475e+00          -3.02264793e-01           6.69666637e-03          -3.03656997e-02           1.01289436e+00           1.48249603e-03
          -2.22893370e-01           2.01084152e-01           9.05106036e-03           3.17852744e-03           1.31156193e-03           2.42346730e+00          -3.01036966e-01           6.65589853e-03          -4.85786563e-03           1.01299548e+00           1.52614368e-03
          -2.29349735e-01           2.07501084e-01           8.90321208e-03           3.12834037e-03           1.29216206e-03           2.42101240e+00          -3.00224690e-01           6.61534640e-03          -8.58905712e-03           1.01310432e+00           1.54718102e-03
          -2.35920926e-01           2.14042321e-01           8.77263584e-03           3.08824619e-03           1.27507281e-03           2.42201555e+00          -2.99776147e-01           6.57586448e-03          -2.23502572e-02           1.01321659e+00           1.55709329e-03
          -2.42566588e-01           2.20670268e-01           8.58970580e-03           3.01748084e-03           1.25078266e-03           2.41247415e+00          -2.99683492e-01           6.53615488e-03           1.09098110e-02           1.01401536e+00           1.61820800e-03
          -2.49218760e-01           2.27310613e-01           8.46063288e-03           2.94927663e-03           1.21095213e-03           2.43550223e+00          -3.00073635e-01           6.49260331e-03           1.97670239e-02           1.01412224e+00           1.65351393e-03
          -2.55962103e-01           2.34044403e-01           8.45674541e-03           2.96528119e-03           1.21127487e-03           2.44806630e+00          -3.00751165e-01           6.44130207e-03          -1.87158496e-02           1.01422044e+00           1.61540252e-03
          -2.62830234e-01           2.40907639e-01           8.46861272e-03           2.98304458e-03           1.21481786e-03           2.45554885e+00          -3.01468153e-01           6.38931920e-03          -1.44234987e-02           1.01431009e+00           1.59686684e-03
          -2.69775610e-01           2.47851714e-01           8.45989525e-03           2.98081451e-03           1.21627748e-03           2.45076849e+00          -3.02256450e-01           6.34081683e-03           1.15930067e-02           1.01439377e+00           1.61792970e-03
          -2.76783712e-01           2.54859775e-01           8.45594961e-03           2.98073346e-03           1.21746692e-03           2.44830755e+00          -3.03147026e-01           6.29266892e-03           1.02383187e-03           1.01447320e+00           1.62617976e-03
          -2.83859892e-01           2.61935592e-01           8.47839310e-03           2.99615467e-03           1.22178756e-03           2.45227139e+00          -3.04063984e-01           6.24152476e-03          -8.72063817e-03           1.01454878e+00           1.61325197e-03
          -2.91025673e-01           2.69099295e-01           8.52432878e-03           3.02125902e-03           1.22977417e-03           2.45675921e+00          -3.04925362e-01           6.18788042e-03           2.57661713e-03           1.01461986e+00           1.59855616e-03
          -2.98285243e-01           2.76352942e-01           8.57730682e-03           3.04515001e-03           1.23888624e-03           2.45797388e+00          -3.05723197e-01           6.13416617e-03          -2.35799020e-03           1.01468471e+00           1.58812801e-03
          -3.05625841e-01           2.83680856e-01           8.61056917e-03           3.05561863e-03           1.24519469e-03           2.45392842e+00          -3.06490352e-01           6.08526486e-03          -8.51663584e-03           1.01474110e+00           1.59268572e-03
          -3.13024984e-01           2.91058719e-01           8.63348156e-03           3.06311655e-03           1.24993252e-03           2.45062553e+00          -3.07205525e-01           6.04311399e-03           1.01251031e-02           1.01478670e+00           1.60009688e-03
          -3.20486610e-01           2.98490733e-01           8.69651878e-03           3.09726055e-03           1.25993213e-03           2.45827571e+00          -3.07769605e-01           6.00231884e-03           1.66946860e-03           1.01481975e+00           1.57029938e-03
          -3.28091382e-01           3.06055129e-01           8.79382345e-03           3.14732615e-03           1.27564696e-03           2.46723918e+00          -3.08207493e-01           5.96222809e-03          -1.74911057e-02           1.01483964e+00           1.52921926e-03
          -3.35830945e-01           3.13726842e-01           8.79524824e-03           3.13294051e-03           1.27810833e-03           2.45123237e+00          -3.08796602e-01           5.93012316e-03           2.34961031e-02           1.01484765e+00           1.56926252e-03
          -3.43579552e-01           3.21376651e-01           8.70820539e-03           3.07014126e-03           1.26658828e-03           2.42394573e+00          -3.09733647e-01           5.90663925e-03           7.08264739e-02           1.01484574e+00           1.65405636e-03
          -3.51347201e-01           3.29016417e-01           8.59393405e-03           3.00503089e-03           1.24876714e-03           2.40639811e+00          -3.11106481e-01           5.88145581e-03           7.02608118e-02           1.01483597e+00           1.71871646e-03
          -3.59130870e-01           3.36639970e-01           8.46348365e-03           2.94172781e-03           1.22782144e-03           2.39589220e+00          -3.12951136e-01           5.85005129e-03           8.98012721e-02           1.01481937e+00           1.77767948e-03
          -3.66917058e-01           3.44231516e-01           8.34498339e-03           2.85726292e-03           1.18392593e-03           2.41337980e+00          -3.15393972e-01           5.81513767e-03           1.20371139e-01           1.01479611e+00           1.84552169e-03
          -3.74694490e-01           3.51779670e-01           8.25509869e-03           2.80862900e-03           1.16878491e-03           2.40303326e+00          -3.18431910e-01           5.77354530e-03           1.25995872e-01           1.01476739e+00           1.90719409e-03
          -3.82456640e-01           3.59278828e-01           8.18468945e-03           2.77168452e-03           1.15631935e-03           2.39698879e+00          -3.21914058e-01           5.74140931e-03           1.34241772e-01           1.01473480e+00           1.95872917e-03
          -3.90200574e-01           3.66728216e-01           8.14192876e-03           2.74992422e-03           1.14800641e-03           2.39539101e+00          -3.25676653e-01           5.72033953e-03           1.41179114e-01           1.01469937e+00           1.99693896e-03
          -3.97930676e-01           3.74135077e-01           8.13576368e-03           2.74788457e-03           1.14535992e-03           2.39914505e+00          -3.29498725e-01           5.69726927e-03           1.35326156e-01           1.01519164e+00           2.01357450e-03
          -4.05665067e-01           3.81518692e-01           8.16756014e-03           2.76552231e-03           1.14879834e-03           2.40731748e+00          -3.33162524e-01           5.67739324e-03           1.23237604e-01           1.01515483e+00           2.00823372e-03
          -4.13419994e-01           3.88890743e-01           8.22026507e-03           2.79230187e-03           1.15582951e-03           2.41584234e+00          -3.36585210e-01           5.66033249e-03           1.18456668e-01           1.01512395e+00           1.99651325e-03
          -4.21197001e-01           3.96247029e-01           8.27330316e-03           2.81612484e-03           1.16328965e-03           2.42082859e+00          -3.39802993e-01           5.64232859e-03           1.15700228e-01           1.01509867e+00           1.99419165e-03
          -4.28985462e-01           4.03573602e-01           8.31748935e-03           2.83225307e-03           1.16951415e-03           2.42173477e+00          -3.42824942e-01           5.62361957e-03           1.21382463e-01           1.01507562e+00           2.00363889e-03
          -4.36779735e-01           4.10864651e-01           8.35794795e-03           2.84597302e-03           1.17487173e-03           2.42236914e+00          -3.45654254e-01           5.60520277e-03           1.22295683e-01           1.01505065e+00           2.01099756e-03
          -4.44579649e-01           4.18119997e-01           8.40171210e-03           2.88510193e-03           1.20345801e-03           2.39734324e+00          -3.48356093e-01           5.58923376e-03           1.10302036e-01           1.01502115e+00           2.01007895e-03
          -4.52389315e-01           4.25343394e-01           8.46868233e-03           2.91011607e-03           1.21204938e-03           2.40098803e+00          -3.50963500e-01           5.57537589e-03           1.15064851e-01           1.01498646e+00           2.00147710e-03
          -4.60218971e-01           4.32544142e-01           8.56459061e-03           2.94895682e-03           1.22485264e-03           2.40760131e+00          -3.53405029e-01           5.56158982e-03           1.14561381e-01           1.01494659e+00           1.97624666e-03
          -4.68109255e-01           4.39750940e-01           8.66732405e-03           2.98541092e-03           1.23918189e-03           2.40917894e+00          -3.55785035e-01           5.54552572e-03           1.07664569e-01           1.01490105e+00           1.96117326e-03
          -4.76044624e-01           4.46912319e-01           8.68287265e-03           2.96760398e-03           1.24080377e-03           2.39167873e+00          -3.58465739e-01           5.53046512e-03           1.47423339e-01           1.01484772e+00           2.02568490e-03
          -4.83915689e-01           4.53932762e-01           8.62936339e-03           2.91542277e-03           1.23099440e-03           2.36834771e+00          -3.61664991e-01           5.51700080e-03           1.96543585e-01           1.01478491e+00           2.12860915e-03
          -4.91731046e-01           4.60844785e-01           8.59033655e-03           2.88037861e-03           1.22159378e-03           2.35788579e+00          -3.65260476e-01           5.49947873e-03           1.96568092e-01           1.01471325e+00           2.18718510e-03
          -4.99523975e-01           4.67682898e-01           8.58719491e-03           2.86824578e-03           1.21727103e-03           2.35629183e+00          -3.69043929e-01           5.47520796e-03           1.94678341e-01           1.01463431e+00           2.21164147e-03
          -5.07308206e-01           4.74443972e-01           8.57971985e-03           2.85117717e-03           1.21296901e-03           2.35057709e+00          -3.73067863e-01           5.44759413e-03           2.21440755e-01           1.01454708e+00           2.25898622e-03
          -5.15052476e-01           4.81093407e-01           8.55086535e-03           2.82050970e-03           1.20556398e-03           2.33957695e+00          -3.77456680e-01           5.41966805e-03           2.48381893e-01           1.01444906e+00           2.33410169e-03
          -5.22736366e-01           4.87619489e-01           8.51980525e-03           2.78957085e-03           1.19716150e-03           2.33015416e+00          -3.82198465e-01           5.39087109e-03           2.63903913e-01           1.01433925e+00           2.40603834e-03
          -5.30364168e-01           4.94037211e-01           8.50885386e-03           2.77082528e-03           1.19149006e-03           2.32551271e+00          -3.87149360e-01           5.36058921e-03           2.77179706e-01           1.01421941e+00           2.45735470e-03
          -5.37958384e-01           5.00359118e-01           8.49971292e-03           2.75245022e-03           1.18627798e-03           2.32024050e+00          -3.92255651e-01           5.33026557e-03           2.97990674e-01           1.01456530e+00           2.51416106e-03
          -5.45494945e-01           5.06555021e-01           8.46357903e-03           2.71940866e-03           1.17711519e-03           2.31023156e+00          -3.97592299e-01           5.30278570e-03           3.24439956e-01           1.01442690e+00           2.60194834e-03
          -5.52951347e-01           5.12613296e-01           8.40796347e-03           2.67849974e-03           1.16477421e-03           2.29958710e+00          -4.03191003e-01           5.28034217e-03           3.54604578e-01           1.01428102e+00           2.70265757e-03
          -5.60318738e-01           5.18540502e-01           8.36255128e-03           2.64651854e-03           1.15354203e-03           2.29425410e+00          -4.08926034e-01           5.25906409e-03           3.71346536e-01           1.01412994e+00           2.78052647e-03
          -5.67611398e-01           5.24361491e-01           8.34618709e-03           2.63276175e-03           1.14679365e-03           2.29575893e+00          -4.14648119e-01           5.24221623e-03           3.62458670e-01           1.01397729e+00           2.82149232e-03
          -5.74847464e-01           5.30091345e-01           8.35179870e-03           2.63198003e-03           1.14399992e-03           2.30068200e+00          -4.20280485e-01           5.23069091e-03           3.57896000e-01           1.01382543e+00           2.84381561e-03
          -5.82032124e-01           5.35732925e-01           8.37577891e-03           2.63970742e-03           1.14466234e-03           2.30610140e+00          -4.25796516e-01           5.22014004e-03           3.67507435e-01           1.01367434e+00           2.86096612e-03
          -5.89175777e-01           5.41294694e-01           8.42053788e-03           2.65431605e-03           1.14882881e-03           2.31045394e+00          -4.31213469e-01           5.21220985e-03           3.69029618e-01           1.01352344e+00           2.87324166e-03
          -5.96300043e-01           5.46778083e-01           8.45557984e-03           2.65744673e-03           1.15162354e-03           2.30756549e+00          -4.36704044e-01           5.20755848e-03           3.82568789e-01           1.01337142e+00           2.91621606e-03
          -6.03373514e-01           5.52132308e-01           8.42576495e-03           2.62105603e-03           1.14422661e-03           2.29067914e+00          -4.42573479e-01           5.20719535e-03           4.45210131e-01           1.01321464e+00           3.05027775e-03
          -6.10329731e-01           5.57325125e-01           8.36198237e-03           2.57045938e-03           1.13039177e-03           2.27395443e+00          -4.48926910e-01           5.21042333e-03           4.95998682e-01           1.01305061e+00           3.20190144e-03
          -6.17184854e-01           5.62405825e-01           8.32994046e-03           2.54540136e-03           1.12068509e-03           2.27129046e+00          -4.55509256e-01           5.21303029e-03           4.87035162e-01           1.01288126e+00           3.27150970e-03
          -6.23979095e-01           5.67404807e-01           8.32419654e-03           2.53843005e-03           1.11572061e-03           2.27514848e+00          -4.62072542e-01           5.21320659e-03           4.83331471e-01           1.01270943e+00           3.30506958e-03
          -6.30713005e-01           5.72313487e-01           8.31910551e-03           2.53157549e-03           1.11202822e-03           2.27653889e+00          -4.68603045e-01           5.21274898e-03           5.05740576e-01           1.01253495e+00           3.35958574e-03
          -6.37380877e-01           5.77128589e-01           8.31296049e-03           2.52414222e-03           1.10875107e-03           2.27656350e+00          -4.75139437e-01           5.21296342e-03           5.14080835e-01           1.01235671e+00           3.41981106e-03
          -6.43983389e-01           5.81853628e-01           8.33851178e-03           2.53447109e-03           1.12232085e-03           2.25824111e+00          -4.81746222e-01           5.21218591e-03           5.18611782e-01           1.01217445e+00           3.47221711e-03
          -6.50522960e-01           5.86492777e-01           8.37016586e-03           2.53373792e-03           1.12246221e-03           2.25730355e+00          -4.88346738e-01           5.21215467e-03           5.34482363e-01           1.01198797e+00           3.52112769e-03
          -6.57005256e-01           5.91050863e-01           8.40326490e-03           2.53475856e-03           1.12322938e-03           2.25667047e+00          -4.94926402e-01           5.21352730e-03           5.45773897e-01           1.01179702e+00           3.56750287e-03
          -6.63433138e-01           5.95525801e-01           8.42715946e-03           2.53152635e-03           1.12302941e-03           2.25419418e+00          -5.01507535e-01           5.21699925e-03           5.62121359e-01           1.01160150e+00           3.62741605e-03
          -6.69798519e-01           5.99908769e-01           8.43192765e-03           2.51961812e-03           1.12023719e-03           2.24918271e+00          -5.08145923e-01           5.22372966e-03           5.91325484e-01           1.01140103e+00           3.71158948e-03
          -6.76092438e-01           6.04199350e-01           8.42678328e-03           2.50510052e-03           1.11598233e-03           2.24474926e+00          -5.14866710e-01           5.23417382e-03           6.13528498e-01           1.01168716e+00           3.79698437e-03
          -6.82318367e-01           6.08407438e-01           8.42443235e-03           2.49482366e-03           1.11219625e-03           2.24315057e+00          -5.21629637e-01           5.24775470e-03           6.25452834e-01           1.01147812e+00           3.86397668e-03
          -6.88484243e-01           6.12539232e-01           8.42376123e-03           2.48713344e-03           1.10897176e-03           2.24273831e+00          -5.28400495e-01           5.26371528e-03           6.41161747e-01           1.01126624e+00           3.92473501e-03
          -6.94590664e-01           6.16593242e-01           8.41849761e-03           2.47792256e-03           1.10544432e-03           2.24156251e+00          -5.35190334e-01           5.28133697e-03           6.61507592e-01           1.01105157e+00           3.99455074e-03
          -7.00634406e-01           6.20568037e-01           8.40805297e-03           2.46680548e-03           1.10136637e-03           2.23976830e+00          -5.42022330e-01           5.29972958e-03           6.81257870e-01           1.01083389e+00           4.07104413e-03
          -7.06614942e-01           6.24466002e-01           8.39526631e-03           2.45550996e-03           1.09705616e-03           2.23827189e+00          -5.48899606e-01           5.31822828e-03           7.00087657e-01           1.01061315e+00           4.14686754e-03
          -7.12533324e-01           6.28290117e-01           8.38230823e-03           2.44494086e-03           1.09284310e-03           2.23722953e+00          -5.55814251e-01           5.33678070e-03           7.17709013e-01           1.01038934e+00           4.22035009e-03
          -7.18390699e-01           6.32042825e-01           8.37000585e-03           2.43528250e-03           1.08886665e-03           2.23652961e+00          -5.62754866e-01           5.35486581e-03           7.33903996e-01           1.01016248e+00           4.29279566e-03
          -7.24188191e-01           6.35726452e-01           8.35875460e-03           2.42671233e-03           1.08518057e-03           2.23622907e+00          -5.69711700e-01           5.37358100e-03           7.49308555e-01           1.00993247e+00           4.36220698e-03
          -7.29927048e-01           6.39343321e-01           8.35458016e-03           2.42965110e-03           1.09268352e-03           2.22356341e+00          -5.76689528e-01           5.39277377e-03           7.63786611e-01           1.00969901e+00           4.42831980e-03
          -7.35609136e-01           6.42895997e-01           8.37767248e-03           2.42570789e-03           1.09152886e-03           2.22230302e+00          -5.83726900e-01           5.41034492e-03           7.77804689e-01           1.00946185e+00           4.48997895e-03
          -7.41237013e-01           6.46386445e-01           8.40171729e-03           2.42274014e-03           1.09077020e-03           2.22112791e+00          -5.90769010e-01           5.42856094e-03           7.92727244e-01           1.00922067e+00           4.55109656e-03
          -7.46811876e-01           6.49814963e-01           8.42396929e-03           2.41950239e-03           1.09005660e-03           2.21961171e+00          -5.97827067e-01           5.44733464e-03           8.11531523e-01           1.00897490e+00           4.61620165e-03
          -7.52334052e-01           6.53181315e-01           8.44263197e-03           2.41500632e-03           1.08907665e-03           2.21748058e+00          -6.04926938e-01           5.46631705e-03           8.35152637e-01           1.00872375e+00           4.68824010e-03
          -7.57803134e-01           6.56484842e-01           8.45573192e-03           2.40838959e-03           1.08750507e-03           2.21460079e+00          -6.12091900e-01           5.48551130e-03           8.62852230e-01           1.00846649e+00           4.76895885e-03
          -7.63217810e-01           6.59724534e-01           8.46144231e-03           2.39890321e-03           1.08501781e-03           2.21093440e+00          -6.19342517e-01           5.50509309e-03           8.94720329e-01           1.00820240e+00           4.86041876e-03
          -7.68575584e-01           6.62900031e-01           8.46036919e-03           2.38704928e-03           1.08163684e-03           2.20688607e+00          -6.26692143e-01           5.52513163e-03           9.28163282e-01           1.00793110e+00           4.95981604e-03
          -7.73875558e-01           6.66012943e-01           8.45451846e-03           2.37411393e-03           1.07765474e-03           2.20303761e+00          -6.34137191e-01           5.54545380e-03           9.60041905e-01           1.00765267e+00           5.06239326e-03
          -7.79117678e-01           6.69065416e-01           8.44575806e-03           2.36112345e-03           1.07333903e-03           2.19979278e+00          -6.41662904e-01           5.56578745e-03           9.90019252e-01           1.00736767e+00           5.16236314e-03
          -7.84302331e-01           6.72059655e-01           8.43543394e-03           2.34866476e-03           1.06895028e-03           2.19716932e+00          -6.49251225e-01           5.58594901e-03           1.01789999e+00           1.00707691e+00           5.26036701e-03
          -7.89430437e-01           6.74998164e-01           8.42487937e-03           2.33736467e-03           1.06471411e-03           2.19529792e+00          -6.56882259e-01           5.60595370e-03           1.04329689e+00           1.00678125e+00           5.35386521e-03
          -7.94503641e-01           6.77883387e-01           8.41467887e-03           2.32735489e-03           1.06074069e-03           2.19408467e+00          -6.64537656e-01           5.62603186e-03           1.06712494e+00           1.00648147e+00           5.44186151e-03
          -7.99523125e-01           6.80716813e-01           8.40440007e-03           2.31816835e-03           1.05700001e-03           2.19315831e+00          -6.72204786e-01           5.64646616e-03           1.09066342e+00           1.00617815e+00           5.52899080e-03
          -8.04489762e-01           6.83499694e-01           8.39681728e-03           2.31691756e-03           1.06141760e-03           2.18285203e+00          -6.79886349e-01           5.66723162e-03           1.11463423e+00           1.00587168e+00           5.61728593e-03
          -8.09404294e-01           6.86233222e-01           8.41343052e-03           2.30990086e-03           1.05923289e-03           2.18072991e+00          -6.87634367e-01           5.68740650e-03           1.13905903e+00           1.00615928e+00           5.70462656e-03
          -8.14267456e-01           6.88918531e-01           8.42814589e-03           2.30305709e-03           1.05705998e-03           2.17873832e+00          -6.95389657e-01           5.70799060e-03           1.16425570e+00           1.00585085e+00           5.79216653e-03
          -8.19079909e-01           6.91556632e-01           8.44075120e-03           2.29626184e-03           1.05488353e-03           2.17679182e+00          -7.03154656e-01           5.72904512e-03           1.19051170e+00           1.00553999e+00           5.88217185e-03
          -8.23842404e-01           6.94148540e-01           8.45116483e-03           2.28941835e-03           1.05263154e-03           2.17494751e+00          -7.10934012e-01           5.75081332e-03           1.21809019e+00           1.00522653e+00           5.97144724e-03
          -8.28555352e-01           6.96694910e-01           8.45887965e-03           2.28223937e-03           1.05025297e-03           2.17303777e+00          -7.18731816e-01           5.77357344e-03           1.24748598e+00           1.00491015e+00           6.06388762e-03
          -8.33219137e-01           6.99196398e-01           8.46365894e-03           2.27456894e-03           1.04770702e-03           2.17099713e+00          -7.26554362e-01           5.79747333e-03           1.27897187e+00           1.00459044e+00           6.16170139e-03
          -8.37833996e-01           7.01653659e-01           8.46512905e-03           2.26631754e-03           1.04489016e-03           2.16895291e+00          -7.34406980e-01           5.82259679e-03           1.31257079e+00           1.00426701e+00           6.26184778e-03
          -8.42399965e-01           7.04067171e-01           8.46281067e-03           2.25717046e-03           1.04172084e-03           2.16677097e+00          -7.42292640e-01           5.84883519e-03           1.34797616e+00           1.00393950e+00           6.36521980e-03
          -8.46916599e-01           7.06437349e-01           8.45672628e-03           2.24714168e-03           1.03818697e-03           2.16448650e+00          -7.50212165e-01           5.87634692e-03           1.38364721e+00           1.00360776e+00           6.47419832e-03
          -8.51383774e-01           7.08765387e-01           8.44771076e-03           2.23677788e-03           1.03440794e-03           2.16237502e+00          -7.58161563e-01           5.90494705e-03           1.41799704e+00           1.00327187e+00           6.58592007e-03
          -8.55801808e-01           7.11052775e-01           8.43674735e-03           2.22653992e-03           1.03049690e-03           2.16064689e+00          -7.66130711e-01           5.93425901e-03           1.45030854e+00           1.00293223e+00           6.69443288e-03
          -8.60171313e-01           7.13301063e-01           8.42462656e-03           2.21680245e-03           1.02659425e-03           2.15937547e+00          -7.74106491e-01           5.96425497e-03           1.48038904e+00           1.00258929e+00           6.79909752e-03
          -8.64493087e-01           7.15511858e-01           8.41228238e-03           2.20796342e-03           1.02284588e-03           2.15864722e+00          -7.82075702e-01           5.99479833e-03           1.50725236e+00           1.00224361e+00           6.89938538e-03
          -8.68768167e-01           7.17686772e-01           8.40058812e-03           2.20037490e-03           1.01940130e-03           2.15849724e+00          -7.90028188e-01           6.02581281e-03           1.53182481e+00           1.00189566e+00           6.99351705e-03
          -8.72998388e-01           7.19827533e-01           8.40880584e-03           2.20026278e-03           1.02295944e-03           2.15087977e+00          -7.98006599e-01           6.05677653e-03           1.55674825e+00           1.00154569e+00           7.07829426e-03
          -8.77185138e-01           7.21934617e-01           8.42175419e-03           2.19552154e-03           1.02105622e-03           2.15024549e+00          -8.05972825e-01           6.08811595e-03           1.58353017e+00           1.00119355e+00           7.16407535e-03
          -8.81329064e-01           7.24008143e-01           8.43280269e-03           2.19069900e-03           1.01919512e-03           2.14944024e+00          -8.13922814e-01           6.11998015e-03           1.61430624e+00           1.00083865e+00           7.25488623e-03
          -8.85430571e-01           7.26048052e-01           8.44056557e-03           2.18521634e-03           1.01716839e-03           2.14833292e+00          -8.21869546e-01           6.15232494e-03           1.65036929e+00           1.00048011e+00           7.35173976e-03
          -8.89489615e-01           7.28054047e-01           8.44383200e-03           2.17851779e-03           1.01478144e-03           2.14678520e+00          -8.29828278e-01           6.18505626e-03           1.69216243e+00           1.00011698e+00           7.45794622e-03
          -8.93506033e-01           7.30025947e-01           8.44183272e-03           2.17022084e-03           1.01187979e-03           2.14474175e+00          -8.37815367e-01           6.21806613e-03           1.73891425e+00           9.99748373e-01           7.57539147e-03
          -8.97478816e-01           7.31963277e-01           8.43378149e-03           2.16001679e-03           1.00832171e-03           2.14219011e+00          -8.45840629e-01           6.25134234e-03           1.78881124e+00           9.99373611e-01           7.70622977e-03
          -9.01406791e-01           7.33866453e-01           8.42070142e-03           2.14844297e-03           1.00418352e-03           2.13949236e+00          -8.53913538e-01           6.28485750e-03           1.83923350e+00           9.98992407e-01           7.84383846e-03
          -9.05289808e-01           7.35736847e-01           8.40409688e-03           2.13642291e-03           9.99654838e-04           2.13716058e+00          -8.62028196e-01           6.31859391e-03           1.88722793e+00           9.98605090e-01           7.97999171e-03
          -9.09128037e-01           7.37575710e-01           8.38524642e-03           2.12443894e-03           9.94912368e-04           2.13530257e+00          -8.70170252e-01           6.35250111e-03           1.93128720e+00           9.99019566e-01           8.11224387e-03
          -9.12921854e-01           7.39384472e-01           8.36544745e-03           2.11297446e-03           9.90173538e-04           2.13394358e+00          -8.78324484e-01           6.38646484e-03           1.97043043e+00           9.98624045e-01           8.24125832e-03
          -9.16671942e-01           7.41164684e-01           8.34600019e-03           2.10253403e-03           9.85610220e-04           2.13323075e+00          -8.86473142e-01           6.42032338e-03           2.00446547e+00           9.98225147e-01           8.36218129e-03
          -9.20379157e-01           7.42917776e-01           8.32771497e-03           2.09344090e-03           9.81358395e-04           2.13320731e+00          -8.94598180e-01           6.45391678e-03           2.03436400e+00           9.97823964e-01           8.47332115e-03
          -9.24044921e-01           7.44645059e-01           8.31089333e-03           2.08563152e-03           9.77474569e-04           2.13369390e+00          -9.02685399e-01           6.48716366e-03           2.06145726e+00           9.97421240e-01           8.57486531e-03
          -9.27670216e-01           7.46347308e-01           8.29514459e-03           2.07885207e-03           9.73929178e-04           2.13450024e+00          -9.10724444e-01           6.52005846e-03           2.08726308e+00           9.97017418e-01           8.67192496e-03
          -9.31255780e-01           7.48025000e-01           8.28022390e-03           2.07279551e-03           9.70666971e-04           2.13543427e+00          -9.18712677e-01           6.55262776e-03           2.11307295e+00           9.96612693e-01           8.76639350e-03
          -9.34802187e-01           7.49678492e-01           8.26563591e-03           2.06713017e-03           9.67622199e-04           2.13629883e+00          -9.26651685e-01           6.58493079e-03           2.13948054e+00           9.96206998e-01           8.86254041e-03
          -9.38309990e-01           7.51308322e-01           8.26351651e-03           2.06612413e-03           9.69458101e-04           2.13121550e+00          -9.34576508e-01           6.61653701e-03           2.16690515e+00           9.95800170e-01           8.95660303e-03
          -9.41779574e-01           7.52914727e-01           8.26749488e-03           2.06162631e-03           9.67323469e-04           2.13126878e+00          -9.42474956e-01           6.64771858e-03           2.19591461e+00           9.95392030e-01           9.05253477e-03
          -9.45211382e-01           7.54498065e-01           8.27068596e-03           2.05720480e-03           9.65251708e-04           2.13126253e+00          -9.50335501e-01           6.67873767e-03           2.22670745e+00           9.94982318e-01           9.14893792e-03
          -9.48605855e-01           7.56058752e-01           8.27294206e-03           2.05284610e-03           9.63215242e-04           2.13124337e+00          -9.58160776e-01           6.70959651e-03           2.25898423e+00           9.94570724e-01           9.24411433e-03
          -9.51963245e-01           7.57596910e-01           8.27407774e-03           2.04836847e-03           9.61176364e-04           2.13110574e+00          -9.65956567e-01           6.74029420e-03           2.29287095e+00           9.94157046e-01           9.34238752e-03
          -9.55283858e-01           7.59112894e-01           8.27413608e-03           2.04383369e-03           9.59148370e-04           2.13088376e+00          -9.73727107e-01           6.77080789e-03           2.32896689e+00           9.93740989e-01           9.44365813e-03
          -9.58567920e-01           7.60606825e-01           8.27273182e-03           2.03904989e-03           9.57062093e-04           2.13053040e+00          -9.81476308e-01           6.80112872e-03           2.36739646e+00           9.93322244e-01           9.54862368e-03
          -9.61815603e-01           7.62078881e-01           8.26982717e-03           2.03395910e-03           9.54886878e-04           2.13005241e+00          -9.89210666e-01           6.83125297e-03           2.40836131e+00           9.92900436e-01           9.65541274e-03
          -9.65027079e-01           7.63529360e-01           8.26528090e-03           2.02860991e-03           9.52620307e-04           2.12950522e+00          -9.96933609e-01           6.86118609e-03           2.45162153e+00           9.92475255e-01           9.76461092e-03
          -9.68202438e-01           7.64958322e-01           8.25900704e-03           2.02285681e-03           9.50229275e-04           2.12880919e+00          -1.00465002e+00           6.89091583e-03           2.49738508e+00           9.92046428e-01           9.88105191e-03
          -9.71341692e-01           7.66366005e-01           8.25098690e-03           2.01674310e-03           9.47692742e-04           2.12805587e+00          -1.01236381e+00           6.92044143e-03           2.54551068e+00           9.91613660e-01           9.99720709e-03
          -9.74444931e-01           7.67752588e-01           8.24117962e-03           2.01019968e-03           9.44999600e-04           2.12719633e+00          -1.02007848e+00           6.94975422e-03           2.59535922e+00           9.91176711e-01           1.01177451e-02
          -9.77512218e-01           7.69118428e-01           8.22980304e-03           2.00339121e-03           9.42182335e-04           2.12633069e+00          -1.02779499e+00           6.97885089e-03           2.64696388e+00           9.90735473e-01           1.02415005e-02
          -9.80543669e-01           7.70463705e-01           8.21669524e-03           1.99622020e-03           9.39217005e-04           2.12540892e+00          -1.03551451e+00           7.00774507e-03           2.70043804e+00           9.90289863e-01           1.03696868e-02
          -9.83539263e-01           7.71788657e-01           8.20194820e-03           1.98865114e-03           9.36094797e-04           2.12441213e+00          -1.04323797e+00           7.03645538e-03           2.75571267e+00           9.89839775e-01           1.05014446e-02
          -9.86499087e-01           7.73093522e-01           8.18536132e-03           1.98068186e-03           9.32797001e-04           2.12337932e+00          -1.05096382e+00           7.06496979e-03           2.81219899e+00           9.89385174e-01           1.06363772e-02
          -9.89423067e-01           7.74378478e-01           8.16696105e-03           1.97223707e-03           9.29323447e-04           2.12222889e+00          -1.05869033e+00           7.09327724e-03           2.86894025e+00           9.88926166e-01           1.07802367e-02
          -9.92310887e-01           7.75643706e-01           8.14672758e-03           1.96333413e-03           9.25643071e-04           2.12104881e+00          -1.06641461e+00           7.12138844e-03           2.92446959e+00           9.88463033e-01           1.09246197e-02
          -9.95162439e-01           7.76889801e-01           8.12538432e-03           1.95429279e-03           9.21841781e-04           2.11998722e+00          -1.07413295e+00           7.14924792e-03           2.97689745e+00           9.87996290e-01           1.10683021e-02
          -9.97977931e-01           7.78117538e-01           8.10469917e-03           1.94836291e-03           9.21205819e-04           2.11501369e+00          -1.08183697e+00           7.17675769e-03           3.02377988e+00           9.87523380e-01           1.12100290e-02
          -1.00075765e+00           7.79327631e-01           8.09488690e-03           1.94038644e-03           9.17779633e-04           2.11421824e+00          -1.08953753e+00           7.20339126e-03           3.06471593e+00           9.87012649e-01           1.13441010e-02
          -1.00350194e+00           7.80520797e-01           8.08558668e-03           1.93311435e-03           9.14498283e-04           2.11385235e+00          -1.09719415e+00           7.22961022e-03           3.09971608e+00           9.86501893e-01           1.14662675e-02
          -1.00621137e+00           7.81697810e-01           8.07755108e-03           1.92676562e-03           9.11460814e-04           2.11393138e+00          -1.10479497e+00           7.25533690e-03           3.12746618e+00           9.85991693e-01           1.15802306e-02
          -1.00888652e+00           7.82859445e-01           8.07156522e-03           1.92161065e-03           9.08762505e-04           2.11453557e+00          -1.11232998e+00           7.28045830e-03           3.14985216e+00           9.85482522e-01           1.16770575e-02
          -1.01152823e+00           7.84006417e-01           8.06805708e-03           1.91777691e-03           9.06484395e-04           2.11562043e+00          -1.11978924e+00           7.30488694e-03           3.16868981e+00           9.84974865e-01           1.17622604e-02
          -1.01413767e+00           7.85139322e-01           8.06675390e-03           1.91513489e-03           9.04611275e-04           2.11708050e+00          -1.12716477e+00           7.32862666e-03           3.18696707e+00           9.84469318e-01           1.18365594e-02
          -1.01671554e+00           7.86258042e-01           8.06677756e-03           1.91311869e-03           9.03034812e-04           2.11854368e+00          -1.13445594e+00           7.35171710e-03           3.20824221e+00           9.83966150e-01           1.19074784e-02
          -1.01926225e+00           7.87362456e-01           8.06733116e-03           1.91133889e-03           9.01659814e-04           2.11980047e+00          -1.14167095e+00           7.37422227e-03           3.23473328e+00           9.83465124e-01           1.19830004e-02
          -1.02177803e+00           7.88452327e-01           8.06755220e-03           1.90945391e-03           9.00356202e-04           2.12077609e+00          -1.14881891e+00           7.39627662e-03           3.26776422e+00           9.82966011e-01           1.20644549e-02
          -1.02426304e+00           7.89527476e-01           8.06666972e-03           1.90716452e-03           8.99028144e-04           2.12136242e+00          -1.15591129e+00           7.41800559e-03           3.30855815e+00           9.82468363e-01           1.21547437e-02
          -1.02671737e+00           7.90587664e-01           8.06377254e-03           1.90418178e-03           8.97545694e-04           2.12154299e+00          -1.16295650e+00           7.43957713e-03           3.35699799e+00           9.81971935e-01           1.22573266e-02
          -1.02914092e+00           7.91632593e-01           8.05828894e-03           1.90022704e-03           8.95801612e-04           2.12125878e+00          -1.16996342e+00           7.46110595e-03           3.41132023e+00           9.81476287e-01           1.23693973e-02
          -1.03153333e+00           7.92661905e-01           8.04980621e-03           1.89503835e-03           8.93753469e-04           2.12031440e+00          -1.17694255e+00           7.48267121e-03           3.46946324e+00           9.80980924e-01           1.25039874e-02
          -1.03389405e+00           7.93675721e-01           8.03877279e-03           1.88898403e-03           8.91400118e-04           2.11912024e+00          -1.18390150e+00           7.50430372e-03           3.52842759e+00           9.80485471e-01           1.26491911e-02
          -1.03622296e+00           7.94674456e-01           8.02585309e-03           1.88239306e-03           8.88812324e-04           2.11787462e+00          -1.19084112e+00           7.52598449e-03           3.58488353e+00           9.79989809e-01           1.27947441e-02
          -1.03852020e+00           7.95658708e-01           8.01179772e-03           1.87566402e-03           8.86071199e-04           2.11683217e+00          -1.19775448e+00           7.54768612e-03           3.63660015e+00           9.79494302e-01           1.29323065e-02
          -1.04078604e+00           7.96629012e-01           7.99734381e-03           1.86911026e-03           8.83293065e-04           2.11607034e+00          -1.20463316e+00           7.56932234e-03           3.68123648e+00           9.78999309e-01           1.30674793e-02
          -1.04302084e+00           7.97586024e-01           7.98326903e-03           1.86305487e-03           8.80590118e-04           2.11568905e+00          -1.21146600e+00           7.59080695e-03           3.71790891e+00           9.78505482e-01           1.31934347e-02
          -1.04522508e+00           7.98530281e-01           7.97013331e-03           1.85763836e-03           8.78036995e-04           2.11567208e+00          -1.21824271e+00           7.61204797e-03           3.74710417e+00           9.78013426e-01           1.33092302e-02
          -1.04739939e+00           7.99462497e-01           7.95864691e-03           1.85316425e-03           8.75703951e-04           2.11619948e+00          -1.22495511e+00           7.63294719e-03           3.76881012e+00           9.77523605e-01           1.34054759e-02
          -1.04954446e+00           8.00383270e-01           7.94925084e-03           1.84980309e-03           8.73662765e-04           2.11729647e+00          -1.23159068e+00           7.65342348e-03           3.78403633e+00           9.77036797e-01           1.34790329e-02
          -1.05166131e+00           8.01293075e-01           7.94197972e-03           1.84747139e-03           8.71969041e-04           2.11873507e+00          -1.23814140e+00           7.67341212e-03           3.79544472e+00           9.76553485e-01           1.35451604e-02
          -1.05375074e+00           8.02192152e-01           7.93659175e-03           1.84602396e-03           8.70591080e-04           2.12042600e+00          -1.24460142e+00           7.69293249e-03           3.80576838e+00           9.76074148e-01           1.36068502e-02
          -1.05581328e+00           8.03080440e-01           7.93260147e-03           1.84504218e-03           8.69456636e-04           2.12206349e+00          -1.25097261e+00           7.71201463e-03           3.81794871e+00           9.75598819e-01           1.36636876e-02
          -1.05784952e+00           8.03958058e-01           7.92963777e-03           1.84438024e-03           8.68505158e-04           2.12362613e+00          -1.25726006e+00           7.73072203e-03           3.83309322e+00           9.75127339e-01           1.37192898e-02
          -1.05985983e+00           8.04824948e-01           7.92724885e-03           1.84386949e-03           8.67682162e-04           2.12505174e+00          -1.26346951e+00           7.74912093e-03           3.85271410e+00           9.74659485e-01           1.37813888e-02
          -1.06184473e+00           8.05681229e-01           7.92518927e-03           1.84335466e-03           8.66916791e-04           2.12633402e+00          -1.26960746e+00           7.76727403e-03           3.87736925e+00           9.74194896e-01           1.38371551e-02
          -1.06380457e+00           8.06526780e-01           7.92527956e-03           1.84460201e-03           8.68420618e-04           2.12408823e+00          -1.27568704e+00           7.78513693e-03           3.90649340e+00           9.73731908e-01           1.39028046e-02
          -1.06573980e+00           8.07361782e-01           7.92979465e-03           1.84384284e-03           8.67820033e-04           2.12468343e+00          -1.28172199e+00           7.80264514e-03           3.94129919e+00           9.73268701e-01           1.39727306e-02
          -1.06765075e+00           8.08186114e-01           7.93324552e-03           1.84267484e-03           8.67168076e-04           2.12493390e+00          -1.28770834e+00           7.82004656e-03           3.98178382e+00           9.72807595e-01           1.40547650e-02
          -1.06953784e+00           8.09000015e-01           7.93552931e-03           1.84114815e-03           8.66433990e-04           2.12497221e+00          -1.29365473e+00           7.83738366e-03           4.02747672e+00           9.72348100e-01           1.41420511e-02
          -1.07140139e+00           8.09803486e-01           7.93645035e-03           1.83920676e-03           8.65584493e-04           2.12481483e+00          -1.29956666e+00           7.85469499e-03           4.07916070e+00           9.71889865e-01           1.42350856e-02
          -1.07324189e+00           8.10596704e-01           7.93583264e-03           1.83680785e-03           8.64599219e-04           2.12446162e+00          -1.30545183e+00           7.87200832e-03           4.13596134e+00           9.71432338e-01           1.43333655e-02
          -1.07505973e+00           8.11379790e-01           7.93349409e-03           1.83391968e-03           8.63450507e-04           2.12394303e+00          -1.31131450e+00           7.88936496e-03           4.19732691e+00           9.70975291e-01           1.44365517e-02
          -1.07685535e+00           8.12152862e-01           7.92932079e-03           1.83048331e-03           8.62123489e-04           2.12322635e+00          -1.31715935e+00           7.90679226e-03           4.26375731e+00           9.70518338e-01           1.45489399e-02
          -1.07862920e+00           8.12916040e-01           7.92303663e-03           1.82640914e-03           8.60598214e-04           2.12225532e+00          -1.32299193e+00           7.92433409e-03           4.33362163e+00           9.70061150e-01           1.46739198e-02
          -1.08038178e+00           8.13669622e-01           7.91468372e-03           1.82176546e-03           8.58858131e-04           2.12114829e+00          -1.32881468e+00           7.94201524e-03           4.40662126e+00           9.69725939e-01           1.48048259e-02
          -1.08211342e+00           8.14413607e-01           7.90383963e-03           1.81637739e-03           8.56868104e-04           2.11978644e+00          -1.33462663e+00           7.95989782e-03           4.48136158e+00           9.69267794e-01           1.49508442e-02
          -1.08382438e+00           8.15148175e-01           7.89081049e-03           1.81025808e-03           8.54629705e-04           2.11817828e+00          -1.34043671e+00           7.97795190e-03           4.55557675e+00           9.68806117e-01           1.51058815e-02
          -1.08551505e+00           8.15873802e-01           7.87589578e-03           1.80367658e-03           8.52165374e-04           2.11658046e+00          -1.34624644e+00           7.99617968e-03           4.62697209e+00           9.68341048e-01           1.52605047e-02
          -1.08718603e+00           8.16591024e-01           7.85975522e-03           1.79689444e-03           8.49552875e-04           2.11510607e+00          -1.35205562e+00           8.01452542e-03           4.69327729e+00           9.67873010e-01           1.54133514e-02
          -1.08883801e+00           8.17300498e-01           7.84297228e-03           1.79021166e-03           8.46876219e-04           2.11390003e+00          -1.35786046e+00           8.03292974e-03           4.75294828e+00           9.67402586e-01           1.55626252e-02
          -1.09047179e+00           8.18002820e-01           7.82611220e-03           1.78381472e-03           8.44207610e-04           2.11300478e+00          -1.36365635e+00           8.05131962e-03           4.80528862e+00           9.66930431e-01           1.57071885e-02
          -1.09208831e+00           8.18698704e-01           7.80985455e-03           1.77791531e-03           8.41593891e-04           2.11255730e+00          -1.36943774e+00           8.06960773e-03           4.84981982e+00           9.66457267e-01           1.58289167e-02
          -1.09368851e+00           8.19388688e-01           7.79460364e-03           1.77257367e-03           8.39111524e-04           2.11244110e+00          -1.37520183e+00           8.08771486e-03           4.88664925e+00           9.65983647e-01           1.59392694e-02
          -1.09527351e+00           8.20073605e-01           7.78119816e-03           1.76815099e-03           8.36855566e-04           2.11285084e+00          -1.38094986e+00           8.10552427e-03           4.91757555e+00           9.65509941e-01           1.60357072e-02
          -1.09684457e+00           8.20754170e-01           7.76985150e-03           1.76474465e-03           8.34871339e-04           2.11379235e+00          -1.38667696e+00           8.12299573e-03           4.94576889e+00           9.65036452e-01           1.61147323e-02
          -1.09840320e+00           8.21431160e-01           7.76049396e-03           1.76236862e-03           8.33154168e-04           2.11529712e+00          -1.39237381e+00           8.14014113e-03           4.97336444e+00           9.64563436e-01           1.61627269e-02
          -1.09995083e+00           8.22104752e-01           7.75229190e-03           1.76057085e-03           8.31641056e-04           2.11698405e+00          -1.39803829e+00           8.15699827e-03           5.00412387e+00           9.64090731e-01           1.62087526e-02
          -1.10148860e+00           8.22775185e-01           7.74483707e-03           1.75901388e-03           8.30287701e-04           2.11855948e+00          -1.40368225e+00           8.17359640e-03           5.04233595e+00           9.63617380e-01           1.62644445e-02
          -1.10301767e+00           8.23442697e-01           7.73731920e-03           1.75742911e-03           8.28992119e-04           2.11995876e+00          -1.40931292e+00           8.19002987e-03           5.08920674e+00           9.63142435e-01           1.63198648e-02
          -1.10453908e+00           8.24107408e-01           7.73244660e-03           1.75404398e-03           8.26032246e-04           2.12345703e+00          -1.41494571e+00           8.20630103e-03           5.14748603e+00           9.62674155e-01           1.63952390e-02
          -1.10605388e+00           8.24769497e-01           7.72687564e-03           1.75152891e-03           8.24688665e-04           2.12386685e+00          -1.42058721e+00           8.22262015e-03           5.21833395e+00           9.62204815e-01           1.64929228e-02
          -1.10756297e+00           8.25429022e-01           7.71920904e-03           1.74799104e-03           8.23110843e-04           2.12363992e+00          -1.42624860e+00           8.23914073e-03           5.30109488e+00           9.61732016e-01           1.66136134e-02
          -1.10906732e+00           8.26086223e-01           7.70879776e-03           1.74323389e-03           8.21201548e-04           2.12278447e+00          -1.43194043e+00           8.25599152e-03           5.39411142e+00           9.61254894e-01           1.67630664e-02
          -1.11056758e+00           8.26741099e-01           7.69509592e-03           1.73695183e-03           8.18884368e-04           2.12111977e+00          -1.43768056e+00           8.27324758e-03           5.49405150e+00           9.60772242e-01           1.69460784e-02
          -1.11206418e+00           8.27394128e-01           7.67852998e-03           1.72943034e-03           8.16179999e-04           2.11893252e+00          -1.44349666e+00           8.29089639e-03           5.59725339e+00           9.60282426e-01           1.71556150e-02
          -1.11355828e+00           8.28046381e-01           7.65975853e-03           1.72124293e-03           8.13138950e-04           2.11678820e+00          -1.44940005e+00           8.30891711e-03           5.69968925e+00           9.59784605e-01           1.73597154e-02
          -1.11505116e+00           8.28698874e-01           7.63945911e-03           1.71277762e-03           8.09875190e-04           2.11486614e+00          -1.45539464e+00           8.32724248e-03           5.79684355e+00           9.59278336e-01           1.75605475e-02
          -1.11654440e+00           8.29352796e-01           7.61846761e-03           1.70450345e-03           8.06514958e-04           2.11341827e+00          -1.46148526e+00           8.34576099e-03           5.88778461e+00           9.58763108e-01           1.77497355e-02
          -1.11803971e+00           8.30009341e-01           7.59771286e-03           1.69677978e-03           8.03202067e-04           2.11251919e+00          -1.46768026e+00           8.36431375e-03           5.97310151e+00           9.58238097e-01           1.79271127e-02
          -1.11953918e+00           8.30670059e-01           7.57823041e-03           1.69014189e-03           8.00050384e-04           2.11254431e+00          -1.47398677e+00           8.38277787e-03           6.05550603e+00           9.57702546e-01           1.80615336e-02
          -1.12104513e+00           8.31336379e-01           7.56038625e-03           1.68490222e-03           7.97166652e-04           2.11361353e+00          -1.48040055e+00           8.40112185e-03           6.14350548e+00           9.57534320e-01           1.81605620e-02
          -1.12256104e+00           8.32009852e-01           7.54345314e-03           1.68090483e-03           7.94528761e-04           2.11559973e+00          -1.48691158e+00           8.41947694e-03           6.24341205e+00           9.56947854e-01           1.82309534e-02
          -1.12408968e+00           8.32690895e-01           7.52528685e-03           1.67709880e-03           7.91940244e-04           2.11770877e+00          -1.49351909e+00           8.43811479e-03           6.36754538e+00           9.56349918e-01           1.83076575e-02
          -1.12563325e+00           8.33379448e-01           7.50320872e-03           1.67222509e-03           7.89130208e-04           2.11907372e+00          -1.50024322e+00           8.45742749e-03           6.52549283e+00           9.55737089e-01           1.84338671e-02
          -1.12719364e+00           8.34075272e-01           7.47415474e-03           1.66498394e-03           7.85677765e-04           2.11916897e+00          -1.50711299e+00           8.47793096e-03           6.71947647e+00           9.55105400e-01           1.86289749e-02
          -1.12877235e+00           8.34778011e-01           7.43463464e-03           1.65410736e-03           7.81194770e-04           2.11740711e+00          -1.51414639e+00           8.50030504e-03           6.95623492e+00           9.54450687e-01           1.89276517e-02
          -1.13036994e+00           8.35486591e-01           7.38135415e-03           1.63795913e-03           7.75240660e-04           2.11283955e+00          -1.52139413e+00           8.52515658e-03           7.22000459e+00           9.53768148e-01           1.93801371e-02
          -1.13198471e+00           8.36200416e-01           7.31477395e-03           1.61661222e-03           7.67626819e-04           2.10598715e+00          -1.52898444e+00           8.55266525e-03           7.50117598e+00           9.53052943e-01           1.99622895e-02
          -1.13361616e+00           8.36921632e-01           7.23790774e-03           1.59225619e-03           7.58643675e-04           2.09881957e+00          -1.53702771e+00           8.58302982e-03           7.79033326e+00           9.52301217e-01           2.05867975e-02
          -1.13526572e+00           8.37653995e-01           7.15500318e-03           1.56771743e-03           7.48862437e-04           2.09346517e+00          -1.54556327e+00           8.61633534e-03           8.05213439e+00           9.52074335e-01           2.11642013e-02
          -1.13693599e+00           8.38401794e-01           7.06997531e-03           1.54579296e-03           7.38874927e-04           2.09209015e+00          -1.55456786e+00           8.65288501e-03           8.31777932e+00           9.51228724e-01           2.16016430e-02
          -1.13863281e+00           8.39170515e-01           6.97853780e-03           1.52793293e-03           7.28889299e-04           2.09624827e+00          -1.56375989e+00           8.69509871e-03           8.56711767e+00           9.50354996e-01           2.18595009e-02
          -1.14036657e+00           8.39959920e-01           6.87196163e-03           1.50613464e-03           7.16228349e-04           2.10286935e+00          -1.57268246e+00           8.74628832e-03           8.75885993e+00           9.49464486e-01           2.22267059e-02
          -1.14213323e+00           8.40755999e-01           6.72743519e-03           1.46649901e-03           6.99726371e-04           2.09581783e+00          -1.58076420e+00           8.81063109e-03           8.83565691e+00           9.48566816e-01           2.33521824e-02
          -1.14714545e+00           8.43019486e-01           6.26034936e-03           1.29540698e-03           6.37665826e-04           2.03148252e+00          -1.60726931e+00           9.03909619e-03           4.94629465e+00           9.46114810e-01           2.90299128e-02
          -1.14839904e+00           8.43703687e-01           6.35270173e-03           1.36632427e-03           6.49463575e-04           2.10377353e+00          -1.60378714e+00           9.09607676e-03           2.34855710e+00           9.46429196e-01           2.43657827e-02
          -1.14947086e+00           8.44383478e-01           6.71262212e-03           1.55598094e-03           6.89718548e-04           2.25596505e+00          -1.58028330e+00           9.11741174e-03           9.19046995e-01           9.46909686e-01           1.60466752e-02
          -1.15044802e+00           8.45088244e-01           7.26511225e-03           1.86354571e-03           7.45273278e-04           2.50048641e+00          -1.54129238e+00           9.13562717e-03           7.31418664e-01           9.47853436e-01           7.76920463e-03
          -1.15136721e+00           8.45804930e-01           7.78586327e-03           2.24538808e-03           7.95334593e-04           2.82319932e+00          -1.50152772e+00           9.18647798e-03           8.43566195e-01           9.49010718e-01           2.47493971e-03
          -1.15221414e+00           8.46498787e-01           8.41746603e-03           2.69741173e-03           8.48404654e-04           3.17939289e+00          -1.45063223e+00           9.25359405e-03           1.38458311e+00           9.50356494e-01          -2.82907393e-04
          -1.15296480e+00           8.47153842e-01           9.31867044e-03           3.32295535e-03           9.29000494e-04           3.57691451e+00          -1.35588695e+00           9.38174316e-03           2.08306190e+00           9.52547495e-01          -1.70489112e-03
          -1.15366698e+00           8.47810268e-01           1.08008457e-02           4.23592867e-03           1.04460158e-03           4.05506630e+00          -1.23274874e+00           9.56184677e-03           3.04461224e+00           9.53626276e-01          -2.09191525e-03
          -1.15439343e+00           8.48514736e-01           1.21888687e-02           5.27340629e-03           1.13234744e-03           4.65705675e+00          -1.14927522e+00           9.79239284e-03           3.50623617e+00           9.53973219e-01          -1.89849106e-03
          -1.15514294e+00           8.49249482e-01           1.30979204e-02           6.26725382e-03           1.17096178e-03           5.35222747e+00          -1.10356509e+00           1.00995300e-02           3.82944833e+00           9.53358686e-01          -1.69793651e-03
          -1.15585912e+00           8.49956036e-01           1.44514944e-02           7.39704662e-03           1.22089338e-03           6.05871629e+00          -1.04914180e+00           1.04901623e-02           3.60171712e+00           9.50866937e-01          -1.62013522e-03
          -1.15653548e+00           8.50628912e-01           1.61443596e-02           8.89316525e-03           1.29877897e-03           6.84732771e+00          -9.65481990e-01           1.12865360e-02           3.25067462e+00           9.51025322e-01          -1.58403538e-03
          -1.15718896e+00           8.51282179e-01           1.83992231e-02           1.08095851e-02           1.41895290e-03           7.61800137e+00          -8.98483394e-01           1.27022799e-02           2.81830587e+00           9.48989636e-01          -1.48433869e-03
          -1.15782678e+00           8.51919293e-01           2.16876594e-02           1.31690260e-02           1.64694728e-03           7.99602158e+00          -9.88904980e-01           1.49500629e-02           2.27229890e+00           9.46700128e-01          -1.25841394e-03
          -1.15845120e+00           8.52539420e-01           2.58980346e-02           1.61944937e-02           1.90995640e-03           8.47898606e+00          -1.06205182e+00           1.92324187e-02           1.91223970e+00           9.44172319e-01          -8.94887755e-04
          -1.15906279e+00           8.53140533e-01           3.14399211e-02           2.02449291e-02           2.22203397e-03           9.11098992e+00          -1.11284272e+00           2.77795685e-02           2.17961675e+00           9.42522915e-01          -4.29011538e-04
          -1.15966035e+00           8.53718758e-01           4.00083768e-02           2.59186149e-02           2.66112514e-03           9.73972042e+00          -1.11646260e+00           4.69064270e-02           3.72871477e+00           9.41144182e-01           6.71372472e-05
          -1.16024504e+00           8.54272127e-01           5.02842649e-02           3.35754344e-02           3.03880670e-03           1.10488879e+01          -1.04294867e+00           8.03636015e-02           6.33186026e+00           9.40230769e-01           5.06584684e-04
          -1.16081916e+00           8.54799330e-01           5.13180514e-02           3.90938114e-02           1.88178876e-03           2.07748140e+01          -7.24512282e-01           1.19214347e-01           5.29296823e+00           9.39564418e-01           7.94038745e-04
          -1.16138706e+00           8.55300427e-01           5.09131561e-02           4.14938444e-02           8.55626824e-04           4.84952590e+01          -4.46427017e-01           1.11721629e-01           6.98413562e-01           9.39082211e-01           8.69870819e-04
          -1.16195646e+00           8.55779111e-01           5.06203633e-02           3.81142501e-02           3.53477877e-03           1.07826409e+01          -3.68084785e-01           1.09783859e-01           1.80578790e-01           9.38874826e-01           7.45893929e-04
          -1.16253090e+00           8.56236398e-01           5.04404635e-02           3.26918647e-02           6.22423713e-03           5.25234883e+00          -4.32359226e-01           1.16622090e-01           1.36620531e+00           9.38698465e-01           4.77370352e-04
          -1.16311251e+00           8.56671929e-01           5.03296725e-02           2.95737572e-02           7.29873046e-03           4.05190429e+00          -5.76005574e-01           1.22471668e-01           1.91498943e+00           9.38557809e-01           1.30128038e-04
          -1.16370395e+00           8.57085764e-01           5.03176679e-02           2.79044414e-02           7.67948058e-03           3.63363656e+00          -7.44799224e-01           1.21933361e-01           2.20504673e+00           9.38521376e-01          -2.23796677e-04
          -1.16430890e+00           8.57479811e-01           5.03511186e-02           2.68674619e-02           7.83801776e-03           3.42783887e+00          -9.08696974e-01           1.13636777e-01           2.09881582e+00           9.38279678e-01          -5.26071796e-04
          -1.16492831e+00           8.57855320e-01           5.04378719e-02           2.60662308e-02           7.91421214e-03           3.29359769e+00          -1.05176954e+00           1.01466260e-01           2.11883376e+00           9.38117558e-01          -7.54934526e-04
          -1.16556025e+00           8.58212829e-01           5.05577963e-02           2.53645292e-02           7.95391145e-03           3.18893783e+00          -1.17577349e+00           8.72441567e-02           2.20630200e+00           9.37912776e-01          -9.27153140e-04
          -1.16619458e+00           8.58546197e-01           5.07273194e-02           2.46473733e-02           7.94776535e-03           3.10117023e+00          -1.29265445e+00           7.04900049e-02           2.26616932e+00           9.37658263e-01          -1.07494035e-03
          -1.16682627e+00           8.58847261e-01           5.09744414e-02           2.37601949e-02           7.85252516e-03           3.02580309e+00          -1.39966435e+00           5.18708913e-02           2.30403784e+00           9.37342826e-01          -1.18833077e-03
          -1.16745522e+00           8.59109759e-01           5.00785536e-02           2.24004124e-02           7.54757934e-03           2.96789360e+00          -1.47087904e+00           3.83366594e-02           2.40949607e+00           9.36970711e-01          -1.21842924e-03
          -1.16808479e+00           8.59328747e-01           4.66816678e-02           2.06031144e-02           7.01811331e-03           2.93570558e+00          -1.49539559e+00           3.39166471e-02           2.46783734e+00           9.36569418e-01          -1.10839530e-03
          -1.16872066e+00           8.59501362e-01           4.30208227e-02           1.89373376e-02           6.50770797e-03           2.90998576e+00          -1.49609285e+00           3.26726400e-02           2.39499857e+00           9.36167231e-01          -8.14174039e-04
          -1.16936657e+00           8.59623671e-01           4.05958963e-02           1.76608963e-02           6.13641594e-03           2.87804746e+00          -1.48929274e+00           2.97420931e-02           2.29786615e+00           9.35767547e-01          -3.25069910e-04
          -1.17002836e+00           8.59689713e-01           3.84434698e-02           1.65987212e-02           5.83025925e-03           2.84699538e+00          -1.46430245e+00           2.76159097e-02           2.17119997e+00           9.35374592e-01           3.11743893e-04
