               variables=             ss           x_bl          delta        delta_1        delta_2              H             Ue            tke            dps            rho          tau_w
          -7.96901483e-04          -1.64805000e-05           2.27236469e-02          -3.74120041e-03          -5.71357576e-03           6.54791423e-01          -1.07152783e+00           5.76220833e-03          -1.58029671e+01           9.77280405e-01           5.39079464e-02
          -1.58568877e-03           2.70014000e-05           2.26350432e-02          -4.04699011e-03          -6.18634634e-03           6.54180979e-01          -1.03391143e+00           5.83355599e-03          -1.58447260e+01           9.79599337e-01           5.77266773e-02
          -2.37062817e-03           1.14192300e-04           2.28005280e-02          -4.44791762e-03          -6.82488808e-03           6.51720228e-01          -9.90376598e-01           5.90759458e-03          -1.55522609e+01           9.82058138e-01           6.09939186e-02
          -3.15386860e-03           2.45524300e-04           2.30620332e-02          -4.90576627e-03          -7.57362702e-03           6.47743315e-01          -9.43547075e-01           5.98733362e-03          -1.50881494e+01           9.84621531e-01           6.40787339e-02
          -3.93584542e-03           4.21181600e-04           2.32884876e-02          -5.39285185e-03          -8.39629500e-03           6.42289468e-01          -8.94435685e-01           6.07592266e-03          -1.45658936e+01           9.87278441e-01           6.76575753e-02
          -4.71195179e-03           6.41035700e-04           2.32194120e-02          -5.89825443e-03          -9.29669408e-03           6.34446436e-01          -8.41162877e-01           6.18504877e-03          -1.41634223e+01           9.90131042e-01           7.27624140e-02
          -5.47528608e-03           9.12058100e-04           2.36927553e-02          -6.90976159e-03          -1.11822942e-02           6.17919853e-01          -7.66763385e-01           6.31230104e-03          -1.32058052e+01           9.93324013e-01           7.85470222e-02
          -6.23077008e-03           1.24760800e-03           2.41417159e-02          -8.39951138e-03          -1.42336519e-02           5.90116396e-01          -6.75069842e-01           6.47825104e-03          -1.21440570e+01           9.96874244e-01           8.16917604e-02
          -6.99844035e-03           1.66647300e-03           2.46454646e-02          -1.04298278e-02          -1.88339491e-02           5.53778061e-01          -5.76177874e-01           6.66963052e-03          -1.10194368e+01           1.00040596e+00           7.89397726e-02
          -7.80963912e-03           2.18049810e-03           2.50253644e-02          -1.26096865e-02          -2.42701248e-02           5.19555900e-01          -4.89512247e-01           6.86343332e-03          -1.00639992e+01           1.00354194e+00           7.17505401e-02
          -8.67473835e-03           2.78583030e-03           2.49923459e-02          -1.45229962e-02          -2.95552919e-02           4.91383953e-01          -4.19653720e-01           7.07071552e-03          -9.43483025e+00           1.00627012e+00           6.51700874e-02
          -9.56985904e-03           3.46094000e-03           2.50221489e-02          -1.79993260e-02          -4.03919913e-02           4.45616208e-01          -3.36763719e-01           7.32567695e-03          -8.69923838e+00           1.00906782e+00           6.20890828e-02
          -1.04741445e-02           4.21054100e-03           2.50543590e-02          -2.72816745e-02          -7.74856606e-02           3.52086751e-01          -2.23436113e-01           7.69166268e-03          -7.62000406e+00           1.01213388e+00           5.71589749e-02
          -1.14485937e-02           5.09649930e-03           2.48761133e-02          -5.22575155e-02          -2.33764223e-01           2.23547961e-01          -1.14004748e-01           8.15336949e-03          -6.71217649e+00           1.01488363e+00           4.66479522e-02
          -1.25660989e-02           6.16818340e-03           2.45188390e-02          -1.71005638e-01          -2.08541630e+00           8.20007199e-02          -3.26078342e-02           8.63188436e-03          -6.06378696e+00           1.01702061e+00           3.47907983e-02
          -1.38579878e-02           7.44136840e-03           2.35232036e-02           2.48096861e-01          -3.80832529e+00          -6.51459217e-02           1.97577047e-02           9.16000698e-03          -5.55028320e+00           1.01860537e+00           2.48984158e-02
          -1.51652207e-02           8.74518230e-03           2.25480075e-02           6.73893834e-02          -2.34963715e-01          -2.86807618e-01           6.30356451e-02           9.70318140e-03          -5.01737978e+00           1.01984483e+00           1.77376246e-02
          -1.64704700e-02           1.00500584e-02           2.16366413e-02           3.62745851e-02          -5.26047658e-02          -6.89568417e-01           1.01046720e-01           1.02449740e-02          -4.35967810e+00           1.02079896e+00           1.22402064e-02
          -1.78204773e-02           1.13910269e-02           2.00453077e-02           2.50649616e-02          -1.92436227e-02          -1.30250744e+00           1.17510947e-01           1.08381791e-02          -3.86569091e+00           1.02146124e+00           7.59332521e-03
          -1.92354271e-02           1.27860196e-02           1.83961052e-02           1.86387719e-02          -7.10235749e-03          -2.62430777e+00           1.21409505e-01           1.14093188e-02          -3.40330306e+00           1.02188510e+00           4.28331231e-03
          -2.06546113e-02           1.41751943e-02           1.66262241e-02           1.32262669e-02          -6.99469942e-04          -1.89089854e+01           1.25622436e-01           1.20511603e-02          -2.79574400e+00           1.02222116e+00           1.98332060e-03
          -2.20728167e-02           1.55435810e-02           2.78297847e-03           1.44980739e-03           4.18418545e-04           3.46496924e+00          -3.46305879e-02           1.76394300e-02          -9.68462580e-01           1.02258881e+00           2.09567754e-04
          -2.35288825e-02           1.69223230e-02           1.44807012e-03           5.22977140e-04           1.88732841e-04           2.77099171e+00          -4.33330296e-02           1.54011038e-02           3.72159073e-01           1.02275267e+00           1.29713288e-03
          -2.50370554e-02           1.83244478e-02           1.82258585e-03           6.00503478e-04           2.36308947e-04           2.54117961e+00          -8.29831277e-02           1.60137581e-02           1.50680252e+00           1.02284703e+00           2.27560385e-03
          -2.66019073e-02           1.97541881e-02           2.07398975e-03           6.51144114e-04           2.59718891e-04           2.50711110e+00          -1.15741895e-01           1.57703373e-02           1.52889353e+00           1.02288957e+00           2.94901770e-03
          -2.82297578e-02           2.12176666e-02           2.30961593e-03           7.20150284e-04           2.96007807e-04           2.43287598e+00          -1.43241277e-01           1.53629934e-02           1.71906042e+00           1.02289946e+00           3.35065502e-03
          -2.99260026e-02           2.27207951e-02           2.53176326e-03           7.82563293e-04           3.21745630e-04           2.43224218e+00          -1.66275114e-01           1.49029894e-02           1.63892707e+00           1.02288680e+00           3.56729640e-03
          -3.16969713e-02           2.42714547e-02           2.72771986e-03           8.57197048e-04           3.56901395e-04           2.40177556e+00          -1.85724316e-01           1.44667820e-02           1.48540822e+00           1.02285988e+00           3.65749932e-03
          -3.35474095e-02           2.58779787e-02           2.97041637e-03           9.25504015e-04           3.85232072e-04           2.40245837e+00          -2.02052197e-01           1.40248148e-02           1.36334363e+00           1.02282544e+00           3.67643835e-03
          -3.54746760e-02           2.75433734e-02           3.14971101e-03           9.89554004e-04           4.10491571e-04           2.41065609e+00          -2.16175153e-01           1.36487865e-02           1.22717650e+00           1.02278605e+00           3.67246632e-03
          -3.74722895e-02           2.92636398e-02           3.36415329e-03           1.06113331e-03           4.45213316e-04           2.38342671e+00          -2.28352941e-01           1.32994471e-02           1.10132145e+00           1.02274304e+00           3.64367550e-03
          -3.95397701e-02           3.10387891e-02           3.56053491e-03           1.12554912e-03           4.70969387e-04           2.38985621e+00          -2.38959051e-01           1.29905227e-02           9.94328797e-01           1.02269828e+00           3.58534247e-03
          -4.16782373e-02           3.28704379e-02           3.72356602e-03           1.19847492e-03           5.03712511e-04           2.37928360e+00          -2.48318444e-01           1.27304275e-02           8.62960497e-01           1.02272734e+00           3.50646738e-03
          -4.38896383e-02           3.47611606e-02           3.95294359e-03           1.26739257e-03           5.31265971e-04           2.38560841e+00          -2.56301224e-01           1.24731791e-02           7.67479332e-01           1.02268254e+00           3.40900533e-03
          -4.61763695e-02           3.67141925e-02           4.13932100e-03           1.33761782e-03           5.57705974e-04           2.39842835e+00          -2.63337243e-01           1.22548116e-02           6.63471471e-01           1.02264092e+00           3.30016960e-03
          -4.85409440e-02           3.87331732e-02           4.32641456e-03           1.41722179e-03           5.92557074e-04           2.39170512e+00          -2.69493720e-01           1.20623366e-02           5.76030039e-01           1.02260314e+00           3.18622508e-03
          -5.09854475e-02           4.08216640e-02           4.54445506e-03           1.49113611e-03           6.20957579e-04           2.40134940e+00          -2.74760380e-01           1.18775417e-02           5.01826999e-01           1.02256955e+00           3.07154120e-03
          -5.35112828e-02           4.29824255e-02           4.72798658e-03           1.56487984e-03           6.47958750e-04           2.41509176e+00          -2.79425303e-01           1.17219815e-02           4.33821671e-01           1.02254114e+00           2.95902453e-03
          -5.61204723e-02           4.52187173e-02           4.91819945e-03           1.64766486e-03           6.83847264e-04           2.40940478e+00          -2.83519855e-01           1.15831587e-02           3.77950589e-01           1.02251838e+00           2.84889249e-03
          -5.88150010e-02           4.75340076e-02           5.13201521e-03           1.72342524e-03           7.12541298e-04           2.41870225e+00          -2.87043033e-01           1.14485235e-02           3.32270081e-01           1.02250100e+00           2.74396365e-03
          -6.15964511e-02           4.99316864e-02           5.31587145e-03           1.79740075e-03           7.39631312e-04           2.43013069e+00          -2.90204686e-01           1.13339378e-02           2.93457511e-01           1.02248776e+00           2.64750721e-03
          -6.44654250e-02           5.24145626e-02           5.47697177e-03           1.86777282e-03           7.64678367e-04           2.44256004e+00          -2.93078230e-01           1.12372451e-02           2.65504223e-01           1.02247714e+00           2.56308036e-03
          -6.74195533e-02           5.49826771e-02           5.68102728e-03           1.94520690e-03           8.01313652e-04           2.42752247e+00          -2.95549140e-01           1.11348961e-02           2.41044890e-01           1.02246812e+00           2.49350191e-03
          -7.04551908e-02           5.76327853e-02           5.85807755e-03           2.01015676e-03           8.26572385e-04           2.43191860e+00          -2.97775844e-01           1.10452325e-02           2.17778330e-01           1.02246053e+00           2.43034990e-03
          -7.35718103e-02           6.03634603e-02           6.01806746e-03           2.07462520e-03           8.50502078e-04           2.43929469e+00          -2.99763049e-01           1.09658718e-02           1.93132136e-01           1.02245480e+00           2.36407017e-03
          -7.67705852e-02           6.31745607e-02           6.17043015e-03           2.14155444e-03           8.73907576e-04           2.45055026e+00          -3.01499226e-01           1.08941948e-02           1.64404385e-01           1.02245133e+00           2.29078933e-03
          -8.00548484e-02           6.60676360e-02           6.35500762e-03           2.22666223e-03           9.10867193e-04           2.44455201e+00          -3.02900364e-01           1.08172224e-02           1.32774234e-01           1.02245010e+00           2.20532814e-03
          -8.34329189e-02           6.90496787e-02           6.55565911e-03           2.31043979e-03           9.39586827e-04           2.45899551e+00          -3.03979154e-01           1.07366264e-02           1.05096688e-01           1.02245083e+00           2.10732205e-03
          -8.69117545e-02           7.21290112e-02           6.75357402e-03           2.39907018e-03           9.69201611e-04           2.47530561e+00          -3.04783914e-01           1.06599342e-02           7.13252350e-02           1.02245280e+00           2.01011907e-03
          -9.79938219e-02           8.20161849e-02           7.32151748e-03           2.66222042e-03           1.05855242e-03           2.51496324e+00          -3.05886001e-01           1.04922616e-02           3.02937316e-02           1.02245878e+00           1.78197967e-03
          -1.01905859e-01           8.55384469e-02           7.50186413e-03           2.76135418e-03           1.10096198e-03           2.50812856e+00          -3.05971373e-01           1.04234648e-02           2.28091597e-02           1.02246417e+00           1.71304938e-03
          -1.05922852e-01           8.91719013e-02           7.69759522e-03           2.84754869e-03           1.13127402e-03           2.51711667e+00          -3.05892922e-01           1.03405254e-02           7.97405975e-03           1.02247127e+00           1.65048115e-03
          -1.10045615e-01           9.29177627e-02           7.88868307e-03           2.93396254e-03           1.16143800e-03           2.52614650e+00          -3.05689248e-01           1.02555637e-02           1.21300117e-03           1.02247951e+00           1.59089683e-03
          -1.14275456e-01           9.67775211e-02           8.07751487e-03           3.02160815e-03           1.19163240e-03           2.53568814e+00          -3.05354587e-01           1.01678676e-02          -7.79682095e-03           1.02248859e+00           1.53281913e-03
          -1.18614965e-01           1.00753687e-01           8.26756241e-03           3.11273555e-03           1.22217576e-03           2.54688046e+00          -3.04885099e-01           1.00790736e-02          -1.72990985e-02           1.02249874e+00           1.47265651e-03
          -1.23069215e-01           1.04851082e-01           8.46258454e-03           3.20966307e-03           1.25355132e-03           2.56045606e+00          -3.04291357e-01           9.98836079e-03          -2.48274232e-02           1.02251028e+00           1.40927024e-03
          -1.27648389e-01           1.09081328e-01           8.66121768e-03           3.31046342e-03           1.28568197e-03           2.57486960e+00          -3.03604386e-01           9.89649271e-03          -3.01827498e-02           1.02252310e+00           1.34719018e-03
          -1.32356663e-01           1.13453083e-01           8.85376130e-03           3.40696330e-03           1.31746209e-03           2.58600481e+00          -3.02859651e-01           9.80441584e-03          -3.14167325e-02           1.02253664e+00           1.29625471e-03
          -1.37189470e-01           1.17966808e-01           9.02857952e-03           3.49036854e-03           1.34735065e-03           2.59054207e+00          -3.02070771e-01           9.71368194e-03          -2.81696030e-02           1.02255033e+00           1.26286653e-03
          -1.42134203e-01           1.22611262e-01           9.18533831e-03           3.56153696e-03           1.37492439e-03           2.59035114e+00          -3.01241625e-01           9.62458193e-03          -2.51880384e-02           1.02256369e+00           1.24013050e-03
          -1.47187322e-01           1.27381116e-01           9.33279105e-03           3.62821687e-03           1.40092247e-03           2.58987698e+00          -3.00385160e-01           9.53597202e-03          -2.40891430e-02           1.02257649e+00           1.21692844e-03
          -1.52353708e-01           1.32279724e-01           9.47851155e-03           3.69613082e-03           1.42632956e-03           2.59135822e+00          -2.99522769e-01           9.44664989e-03          -2.34530832e-02           1.02258865e+00           1.18979425e-03
          -1.57638659e-01           1.37313083e-01           9.62313687e-03           3.76482789e-03           1.45148258e-03           2.59378096e+00          -2.98674417e-01           9.35606422e-03          -2.31121266e-02           1.02260013e+00           1.16259636e-03
          -1.63046201e-01           1.42486557e-01           9.76457501e-03           3.83129294e-03           1.47643692e-03           2.59495877e+00          -2.97857442e-01           9.26359011e-03          -1.99897847e-02           1.02261070e+00           1.13955142e-03
          -1.68578533e-01           1.47805139e-01           9.89370369e-03           3.88811016e-03           1.50008348e-03           2.59192918e+00          -2.97097120e-01           9.16939526e-03          -1.35145166e-02           1.02261992e+00           1.12510058e-03
          -1.74226031e-01           1.53262302e-01           9.99712713e-03           3.92632400e-03           1.52041477e-03           2.58240322e+00          -2.96408100e-01           9.07522951e-03          -7.92249362e-03           1.02277576e+00           1.12471603e-03
          -1.79968949e-01           1.58836782e-01           1.00802434e-02           3.95161342e-03           1.53766707e-03           2.56987582e+00          -2.95786886e-01           8.98176596e-03           3.06447887e-04           1.02278157e+00           1.13232581e-03
          -1.85810522e-01           1.64527357e-01           1.01638073e-02           3.98040345e-03           1.55409615e-03           2.56123372e+00          -2.95238464e-01           8.88696907e-03           8.19656643e-03           1.02278499e+00           1.12963304e-03
          -1.91770064e-01           1.70354351e-01           1.02387685e-02           4.00494848e-03           1.56892597e-03           2.55266887e+00          -2.94788509e-01           8.79127710e-03           7.64191416e-03           1.02278591e+00           1.12631050e-03
          -1.97832422e-01           1.76306441e-01           1.02773801e-02           4.00422242e-03           1.57899535e-03           2.53593047e+00          -2.94449611e-01           8.69974701e-03           2.14400695e-02           1.02278413e+00           1.14794106e-03
          -2.03964046e-01           1.82346404e-01           1.02988821e-02           3.99572801e-03           1.58563195e-03           2.51995932e+00          -2.94232169e-01           8.60696506e-03           3.85295380e-02           1.02277960e+00           1.16912783e-03
          -2.10179963e-01           1.88483641e-01           1.03305420e-02           3.99963566e-03           1.59247969e-03           2.51157719e+00          -2.94125187e-01           8.51626355e-03           3.33111329e-02           1.02277292e+00           1.16991676e-03
          -2.16501195e-01           1.94740877e-01           1.03612712e-02           3.97254806e-03           1.57269280e-03           2.52595297e+00          -2.94050875e-01           8.42734170e-03           3.61140168e-02           1.02276475e+00           1.17696239e-03
          -2.22893370e-01           2.01084152e-01           1.03715042e-02           3.95759582e-03           1.57683413e-03           2.50983648e+00          -2.94005440e-01           8.33669772e-03           5.26817222e-02           1.02275521e+00           1.20107801e-03
          -2.29349735e-01           2.07501084e-01           1.03941702e-02           3.95477406e-03           1.58221280e-03           2.49952096e+00          -2.93978300e-01           8.24899063e-03           4.92299604e-02           1.02274432e+00           1.20844295e-03
          -2.35920926e-01           2.14042321e-01           1.04169209e-02           3.95427730e-03           1.58735446e-03           2.49111171e+00          -2.93987155e-01           8.16724423e-03           4.08170228e-02           1.02273232e+00           1.20793520e-03
          -2.42566588e-01           2.20670268e-01           1.03818974e-02           3.91420985e-03           1.58458093e-03           2.47018614e+00          -2.94074793e-01           8.09720650e-03           6.05023024e-02           1.02271927e+00           1.24902831e-03
          -2.49218760e-01           2.27310613e-01           1.03559578e-02           3.88740944e-03           1.58157752e-03           2.45793164e+00          -2.94257167e-01           8.03380447e-03           6.40437864e-02           1.02270564e+00           1.27135533e-03
          -2.55962103e-01           2.34044403e-01           1.03995344e-02           3.91494818e-03           1.58727467e-03           2.46645918e+00          -2.94464489e-01           7.96399922e-03           3.99578222e-02           1.02269232e+00           1.23708324e-03
          -2.62830234e-01           2.40907639e-01           1.04480492e-02           3.94278293e-03           1.59490089e-03           2.47211784e+00          -2.94685469e-01           7.88821443e-03           4.00334831e-02           1.02267916e+00           1.21835241e-03
          -2.69775610e-01           2.47851714e-01           1.04709070e-02           3.94784481e-03           1.60041474e-03           2.46676359e+00          -2.94925435e-01           7.81252519e-03           5.33656068e-02           1.02266528e+00           1.23113517e-03
          -2.76783712e-01           2.54859775e-01           1.04903238e-02           3.95197017e-03           1.60473809e-03           2.46268859e+00          -2.95201524e-01           7.73589075e-03           4.69550982e-02           1.02265060e+00           1.23514075e-03
          -2.83859892e-01           2.61935592e-01           1.05228109e-02           3.96911463e-03           1.61041022e-03           2.46466061e+00          -2.95266251e-01           7.65681462e-03           4.02124356e-02           1.02263610e+00           1.22333240e-03
          -2.91025673e-01           2.69099295e-01           1.05638339e-02           3.99397254e-03           1.61798359e-03           2.46848766e+00          -2.94953897e-01           7.57518097e-03           4.49227817e-02           1.02262257e+00           1.20956433e-03
          -2.98285243e-01           2.76352942e-01           1.05981646e-02           4.01534682e-03           1.62527098e-03           2.47057067e+00          -2.94206396e-01           7.49096292e-03           4.15656625e-02           1.02260983e+00           1.19724433e-03
          -3.05625841e-01           2.83680856e-01           1.06060379e-02           4.02073406e-03           1.62915710e-03           2.46798425e+00          -2.93058130e-01           7.40739860e-03           3.80692811e-02           1.02259676e+00           1.19494159e-03
          -3.13024984e-01           2.91058719e-01           1.06830801e-02           4.03850238e-03           1.64006634e-03           2.46240184e+00          -2.96595375e-01           7.32188966e-03           4.80421044e-02           1.02258200e+00           1.21210161e-03
          -3.20486610e-01           2.98490733e-01           1.07457999e-02           4.07421535e-03           1.64976893e-03           2.46956726e+00          -2.96921341e-01           7.22901754e-03           4.28634822e-02           1.02256447e+00           1.19015868e-03
          -3.28091382e-01           3.06055129e-01           1.08424333e-02           4.12882715e-03           1.66541207e-03           2.47916250e+00          -2.97283311e-01           7.12829951e-03           3.40760116e-02           1.02254376e+00           1.15957392e-03
          -3.35830945e-01           3.13726842e-01           1.08437320e-02           4.11195902e-03           1.66869378e-03           2.46417832e+00          -2.97790160e-01           7.03367245e-03           6.12567726e-02           1.02271272e+00           1.19216303e-03
          -3.43579552e-01           3.21376651e-01           1.07749468e-02           4.00934002e-03           1.63069291e-03           2.45867263e+00          -2.98513088e-01           6.95136600e-03           9.39718832e-02           1.02268001e+00           1.26178399e-03
          -3.51347201e-01           3.29016417e-01           1.06819180e-02           3.92932709e-03           1.61763350e-03           2.42905893e+00          -2.99569673e-01           6.88011546e-03           1.00367077e-01           1.02264044e+00           1.31928867e-03
          -3.59130870e-01           3.36639970e-01           1.05661870e-02           3.84318418e-03           1.59871300e-03           2.40392378e+00          -3.00953414e-01           6.81801492e-03           1.16721026e-01           1.02259568e+00           1.37541945e-03
          -3.66917058e-01           3.44231516e-01           1.04276683e-02           3.74961157e-03           1.57503200e-03           2.38065739e+00          -3.02663589e-01           6.76563941e-03           1.39768436e-01           1.02254711e+00           1.44059459e-03
          -3.74694490e-01           3.51779670e-01           1.02809779e-02           3.65852139e-03           1.54877389e-03           2.36220498e+00          -3.04715218e-01           6.71812931e-03           1.48725919e-01           1.02249572e+00           1.50211538e-03
          -3.82456640e-01           3.59278828e-01           1.01383498e-02           3.57661572e-03           1.52229196e-03           2.34949392e+00          -3.07067387e-01           6.67687810e-03           1.56740938e-01           1.02244241e+00           1.55605864e-03
          -3.90200574e-01           3.66728216e-01           1.00124733e-02           3.51039299e-03           1.49818251e-03           2.34310103e+00          -3.09640602e-01           6.64037390e-03           1.62805650e-01           1.02238807e+00           1.59926060e-03
          -3.97930676e-01           3.74135077e-01           9.91971619e-03           3.46766803e-03           1.47950939e-03           2.34379590e+00          -3.12339374e-01           6.60127030e-03           1.60230290e-01           1.02233364e+00           1.62456211e-03
          -4.05665067e-01           3.81518692e-01           9.86994790e-03           3.45089796e-03           1.46828704e-03           2.35028837e+00          -3.15066244e-01           6.55918137e-03           1.51658270e-01           1.02228011e+00           1.63109126e-03
          -4.13419994e-01           3.88890743e-01           9.85106367e-03           3.44951948e-03           1.46281281e-03           2.35814142e+00          -3.17783403e-01           6.51479524e-03           1.46942534e-01           1.02222794e+00           1.63128676e-03
          -4.21197001e-01           3.96247029e-01           9.84291204e-03           3.44976420e-03           1.45985873e-03           2.36308083e+00          -3.20498389e-01           6.47020525e-03           1.44873681e-01           1.02217682e+00           1.63845954e-03
          -4.28985462e-01           4.03573602e-01           9.83646665e-03           3.44596861e-03           1.45759501e-03           2.36414682e+00          -3.23210122e-01           6.42666455e-03           1.47892637e-01           1.02212630e+00           1.65481664e-03
          -4.36779735e-01           4.10864651e-01           9.83700346e-03           3.44328796e-03           1.45616258e-03           2.36463154e+00          -3.25919838e-01           6.38318845e-03           1.47658142e-01           1.02207606e+00           1.66876356e-03
          -4.44579649e-01           4.18119997e-01           9.84561061e-03           3.44542633e-03           1.45564992e-03           2.36693334e+00          -3.28626486e-01           6.34042262e-03           1.39857643e-01           1.02202587e+00           1.67558890e-03
          -4.52389315e-01           4.25343394e-01           9.86878010e-03           3.45685289e-03           1.45745845e-03           2.37183633e+00          -3.31318656e-01           6.29897087e-03           1.42732757e-01           1.02197534e+00           1.67638297e-03
          -4.60218971e-01           4.32544142e-01           9.92400579e-03           3.48503914e-03           1.46431202e-03           2.37998398e+00          -3.33994754e-01           6.25662594e-03           1.42550572e-01           1.02192403e+00           1.66313197e-03
          -4.68109255e-01           4.39750940e-01           9.98961616e-03           3.51231065e-03           1.47354814e-03           2.38357373e+00          -3.36691338e-01           6.21504031e-03           1.40149454e-01           1.02187167e+00           1.65752814e-03
          -4.76044624e-01           4.46912319e-01           9.96984570e-03           3.48109042e-03           1.47009967e-03           2.36792817e+00          -3.39585630e-01           6.18299497e-03           1.71235800e-01           1.02181650e+00           1.71898603e-03
          -4.83915689e-01           4.53932762e-01           9.88033963e-03           3.41054595e-03           1.45447085e-03           2.34487061e+00          -3.42847750e-01           6.16520232e-03           2.10180266e-01           1.02206080e+00           1.81476020e-03
          -4.91731046e-01           4.60844785e-01           9.80152480e-03           3.35530706e-03           1.43816050e-03           2.33305467e+00          -3.46476207e-01           6.15624184e-03           2.14907396e-01           1.02199907e+00           1.87524528e-03
          -4.99523975e-01           4.67682898e-01           9.75400716e-03           3.32291924e-03           1.42607316e-03           2.33011836e+00          -3.50324416e-01           6.14978417e-03           2.16531558e-01           1.02193290e+00           1.90767935e-03
          -5.07308206e-01           4.74443972e-01           9.69718107e-03           3.28439639e-03           1.41316132e-03           2.32414824e+00          -3.54383490e-01           6.14595643e-03           2.39071011e-01           1.02186247e+00           1.95978257e-03
          -5.15052476e-01           4.81093407e-01           9.61353405e-03           3.23040810e-03           1.39623381e-03           2.31365841e+00          -3.58739632e-01           6.14651911e-03           2.63312368e-01           1.02178692e+00           2.03628317e-03
          -5.22736366e-01           4.87619489e-01           9.52387819e-03           3.17552256e-03           1.37774415e-03           2.30487102e+00          -3.63435334e-01           6.15089365e-03           2.79098956e-01           1.02170561e+00           2.11098904e-03
          -5.30364168e-01           4.94037211e-01           9.45467504e-03           3.13410339e-03           1.36213710e-03           2.30087220e+00          -3.68401794e-01           6.15734947e-03           2.93234859e-01           1.02161868e+00           2.16841142e-03
          -5.37958384e-01           5.00359118e-01           9.39051264e-03           3.09453965e-03           1.34753405e-03           2.29644636e+00          -3.73606040e-01           6.16564845e-03           3.13065978e-01           1.02152621e+00           2.23084280e-03
          -5.45494945e-01           5.06555021e-01           9.30343626e-03           3.04118901e-03           1.32953719e-03           2.28740424e+00          -3.79100768e-01           6.17791340e-03           3.37259078e-01           1.02142761e+00           2.32083357e-03
          -5.52951347e-01           5.12613296e-01           9.20173290e-03           2.98127930e-03           1.30903100e-03           2.27747036e+00          -3.84923347e-01           6.19543222e-03           3.64874176e-01           1.02132248e+00           2.42296989e-03
          -5.60318738e-01           5.18540502e-01           9.11786128e-03           2.93301736e-03           1.29074334e-03           2.27234747e+00          -3.91003897e-01           6.21456307e-03           3.81073177e-01           1.02121196e+00           2.50510120e-03
          -5.67611398e-01           5.24361491e-01           9.07165385e-03           2.90629748e-03           1.27821946e-03           2.27370774e+00          -3.97203921e-01           6.23357532e-03           3.75817284e-01           1.02109809e+00           2.55390631e-03
          -5.74847464e-01           5.30091345e-01           9.05473406e-03           2.89530126e-03           1.27074758e-03           2.27842358e+00          -4.03413285e-01           6.25192639e-03           3.74041427e-01           1.02098227e+00           2.58554949e-03
          -5.82032124e-01           5.35732925e-01           9.06256222e-03           2.89520779e-03           1.26775892e-03           2.28372110e+00          -4.09587995e-01           6.26855633e-03           3.83667234e-01           1.02086419e+00           2.61205953e-03
          -5.89175777e-01           5.41294694e-01           9.09584595e-03           2.90399788e-03           1.26915805e-03           2.28812942e+00          -4.15721186e-01           6.28435003e-03           3.87023222e-01           1.02074309e+00           2.63322630e-03
          -5.96300043e-01           5.46778083e-01           9.11891400e-03           2.90148461e-03           1.26936154e-03           2.28578266e+00          -4.21893181e-01           6.30147433e-03           4.01853943e-01           1.02061788e+00           2.68136991e-03
          -6.03373514e-01           5.52132308e-01           9.07176766e-03           2.85732441e-03           1.25872866e-03           2.27000822e+00          -4.28305543e-01           6.32505096e-03           4.57620867e-01           1.02048574e+00           2.81291495e-03
          -6.10329731e-01           5.57325125e-01           8.98838021e-03           2.79762735e-03           1.24120476e-03           2.25396119e+00          -4.35093554e-01           6.35682676e-03           5.03734317e-01           1.02034438e+00           2.96166142e-03
          -6.17184854e-01           5.62405825e-01           8.93953616e-03           2.76413321e-03           1.22793411e-03           2.25104360e+00          -4.42081912e-01           6.39146416e-03           5.00220345e-01           1.02061663e+00           3.03573495e-03
          -6.23979095e-01           5.67404807e-01           8.92035752e-03           2.74961145e-03           1.21964673e-03           2.25443268e+00          -4.49035244e-01           6.42441071e-03           4.99289258e-01           1.02046428e+00           3.07644870e-03
          -6.30713005e-01           5.72313487e-01           8.90378762e-03           2.73567731e-03           1.21279265e-03           2.25568427e+00          -4.55926320e-01           6.45580999e-03           5.19569265e-01           1.02030883e+00           3.13602837e-03
          -6.37380877e-01           5.77128589e-01           8.88801700e-03           2.72162985e-03           1.20655791e-03           2.25569765e+00          -4.62803399e-01           6.48620939e-03           5.28683082e-01           1.02015006e+00           3.20049889e-03
          -6.43983389e-01           5.81853628e-01           8.87646991e-03           2.71011282e-03           1.20112573e-03           2.25631068e+00          -4.69674361e-01           6.51548318e-03           5.34253855e-01           1.01998817e+00           3.25745919e-03
          -6.50522960e-01           5.86492777e-01           8.86992928e-03           2.70168149e-03           1.19671012e-03           2.25759057e+00          -4.76534572e-01           6.54401052e-03           5.49314019e-01           1.01982318e+00           3.31098647e-03
          -6.57005256e-01           5.91050863e-01           8.86840211e-03           2.69585286e-03           1.19337205e-03           2.25902128e+00          -4.83389179e-01           6.57194925e-03           5.61231242e-01           1.01965482e+00           3.36187706e-03
          -6.63433138e-01           5.95525801e-01           8.86253410e-03           2.68663720e-03           1.18963619e-03           2.25836876e+00          -4.90264902e-01           6.59963165e-03           5.77708889e-01           1.01948251e+00           3.42509776e-03
          -6.69798519e-01           5.99908769e-01           8.84325000e-03           2.66953318e-03           1.18392529e-03           2.25481558e+00          -4.97214280e-01           6.62806656e-03           6.05456120e-01           1.01930514e+00           3.51091731e-03
          -6.76092438e-01           6.04199350e-01           8.81847395e-03           2.65053830e-03           1.17724157e-03           2.25148209e+00          -5.04261135e-01           6.65747991e-03           6.27432334e-01           1.01912190e+00           3.59786556e-03
          -6.82318367e-01           6.08407438e-01           8.79926380e-03           2.63644283e-03           1.17135660e-03           2.25076022e+00          -5.11364073e-01           6.68708143e-03           6.40118736e-01           1.01893314e+00           3.66735962e-03
          -6.88484243e-01           6.12539232e-01           8.78413032e-03           2.62549285e-03           1.16630796e-03           2.25111457e+00          -5.18483461e-01           6.71650753e-03           6.55976421e-01           1.01873953e+00           3.73076104e-03
          -6.94590664e-01           6.16593242e-01           8.77006981e-03           2.62556005e-03           1.17395509e-03           2.23650808e+00          -5.25629652e-01           6.74633868e-03           6.76195142e-01           1.01854115e+00           3.80253675e-03
          -7.00634406e-01           6.20568037e-01           8.77550992e-03           2.61355951e-03           1.17009729e-03           2.23362580e+00          -5.32865069e-01           6.77890783e-03           6.95888277e-01           1.01833783e+00           3.88047151e-03
          -7.06614942e-01           6.24466002e-01           8.77852270e-03           2.60146971e-03           1.16601692e-03           2.23107372e+00          -5.40130964e-01           6.81138452e-03           7.14713977e-01           1.01812965e+00           3.95760254e-03
          -7.12533324e-01           6.28290117e-01           8.78070228e-03           2.59013257e-03           1.16198924e-03           2.22905040e+00          -5.47414470e-01           6.84375373e-03           7.32452754e-01           1.01791695e+00           4.03231977e-03
          -7.18390699e-01           6.32042825e-01           8.78252412e-03           2.57969325e-03           1.15812374e-03           2.22747636e+00          -5.54702021e-01           6.87587894e-03           7.48743276e-01           1.01770008e+00           4.10584410e-03
          -7.24188191e-01           6.35726452e-01           8.78426022e-03           2.57031332e-03           1.15446727e-03           2.22640640e+00          -5.61983984e-01           6.90797628e-03           7.64259320e-01           1.01747931e+00           4.17628562e-03
          -7.29927048e-01           6.39343321e-01           8.78664614e-03           2.56228060e-03           1.15115605e-03           2.22583253e+00          -5.69254490e-01           6.93989615e-03           7.79005213e-01           1.01725488e+00           4.24343081e-03
          -7.35609136e-01           6.42895997e-01           8.79023571e-03           2.55580963e-03           1.14827676e-03           2.22577841e+00          -5.76507925e-01           6.97121191e-03           7.93230926e-01           1.01754251e+00           4.30620225e-03
          -7.41237013e-01           6.46386445e-01           8.79448571e-03           2.55032819e-03           1.14577419e-03           2.22585585e+00          -5.83747966e-01           7.00207873e-03           8.08406657e-01           1.01731349e+00           4.36837998e-03
          -7.46811876e-01           6.49814963e-01           8.79718521e-03           2.54457847e-03           1.14332260e-03           2.22559972e+00          -5.90985996e-01           7.03265920e-03           8.27428130e-01           1.01708077e+00           4.43436165e-03
          -7.52334052e-01           6.53181315e-01           8.79671079e-03           2.53754703e-03           1.14062402e-03           2.22470067e+00          -5.98246820e-01           7.06316814e-03           8.50781106e-01           1.01684365e+00           4.50702956e-03
          -7.57803134e-01           6.56484842e-01           8.79134796e-03           2.52834917e-03           1.13736143e-03           2.22299535e+00          -6.05553405e-01           7.09370332e-03           8.77975999e-01           1.01660135e+00           4.58809198e-03
          -7.63217810e-01           6.59724534e-01           8.77947600e-03           2.51622689e-03           1.13322209e-03           2.22041815e+00          -6.12927518e-01           7.12431663e-03           9.09226333e-01           1.01635320e+00           4.67955841e-03
          -7.68575584e-01           6.62900031e-01           8.76170109e-03           2.50169000e-03           1.12822721e-03           2.21736366e+00          -6.20384464e-01           7.15510484e-03           9.41819967e-01           1.01609874e+00           4.77876197e-03
          -7.73875558e-01           6.66012943e-01           8.73988704e-03           2.48604361e-03           1.12265816e-03           2.21442618e+00          -6.27923154e-01           7.18610121e-03           9.73247568e-01           1.01583792e+00           4.88113079e-03
          -7.79117678e-01           6.69065416e-01           8.71581031e-03           2.47033763e-03           1.11677590e-03           2.21202628e+00          -6.35531070e-01           7.21721813e-03           1.00298725e+00           1.01557109e+00           4.98105605e-03
          -7.84302331e-01           6.72059655e-01           8.70681731e-03           2.46434656e-03           1.12058990e-03           2.19915114e+00          -6.43227836e-01           7.25025777e-03           1.03058249e+00           1.01529871e+00           5.07910397e-03
          -7.89430437e-01           6.74998164e-01           8.70505125e-03           2.45148928e-03           1.11591324e-03           2.19684576e+00          -6.50974050e-01           7.28378046e-03           1.05594180e+00           1.01502133e+00           5.17276724e-03
          -7.94503641e-01           6.77883387e-01           8.70332759e-03           2.43993595e-03           1.11147299e-03           2.19522739e+00          -6.58735328e-01           7.31658154e-03           1.07968783e+00           1.01473946e+00           5.26103782e-03
          -7.99523125e-01           6.80716813e-01           8.70117644e-03           2.42923813e-03           1.10725139e-03           2.19393550e+00          -6.66500184e-01           7.34860104e-03           1.10314346e+00           1.01445348e+00           5.34837355e-03
          -8.04489762e-01           6.83499694e-01           8.69826314e-03           2.41911485e-03           1.10319776e-03           2.19282067e+00          -6.74265348e-01           7.37988966e-03           1.12692709e+00           1.01416354e+00           5.43672796e-03
          -8.09404294e-01           6.86233222e-01           8.69436805e-03           2.40938041e-03           1.09925494e-03           2.19183042e+00          -6.82030739e-01           7.41046898e-03           1.15111528e+00           1.01386976e+00           5.52404298e-03
          -8.14267456e-01           6.88918531e-01           8.68937306e-03           2.39992597e-03           1.09538444e-03           2.19094400e+00          -6.89798244e-01           7.44031127e-03           1.17615802e+00           1.01357209e+00           5.61144549e-03
          -8.19079909e-01           6.91556632e-01           8.68308127e-03           2.39062636e-03           1.09157258e-03           2.19007549e+00          -6.97570140e-01           7.46938206e-03           1.20212485e+00           1.01327045e+00           5.70114450e-03
          -8.23842404e-01           6.94148540e-01           8.67550232e-03           2.38138770e-03           1.08775555e-03           2.18926734e+00          -7.05351624e-01           7.49774320e-03           1.22934326e+00           1.01296475e+00           5.79004924e-03
          -8.28555352e-01           6.96694910e-01           8.66617651e-03           2.37191806e-03           1.08388358e-03           2.18835133e+00          -7.13146610e-01           7.52550282e-03           1.25838516e+00           1.01265477e+00           5.88194599e-03
          -8.33219137e-01           6.99196398e-01           8.65491539e-03           2.36206110e-03           1.07991988e-03           2.18725588e+00          -7.20961970e-01           7.55279512e-03           1.28928433e+00           1.01234029e+00           5.97900491e-03
          -8.37833996e-01           7.01653659e-01           8.64135460e-03           2.35172248e-03           1.07576334e-03           2.18609651e+00          -7.28803212e-01           7.57971670e-03           1.32214614e+00           1.01202111e+00           6.07829112e-03
          -8.42399965e-01           7.04067171e-01           8.62504563e-03           2.34058957e-03           1.07133871e-03           2.18473349e+00          -7.36674050e-01           7.60626708e-03           1.35689919e+00           1.01169704e+00           6.18067310e-03
          -8.46916599e-01           7.06437349e-01           8.60600610e-03           2.32867855e-03           1.06663515e-03           2.18320065e+00          -7.44576740e-01           7.63252067e-03           1.39199462e+00           1.01136801e+00           6.28847914e-03
          -8.51383774e-01           7.08765387e-01           8.58501618e-03           2.31653912e-03           1.06176724e-03           2.18177678e+00          -7.52508199e-01           7.65842062e-03           1.42574405e+00           1.01103413e+00           6.39893269e-03
          -8.55801808e-01           7.11052775e-01           8.56302725e-03           2.30463937e-03           1.05684749e-03           2.18067355e+00          -7.60459758e-01           7.68384263e-03           1.45756865e+00           1.01069579e+00           6.50623454e-03
          -8.60171313e-01           7.13301063e-01           8.54343296e-03           2.29930155e-03           1.05847698e-03           2.17227355e+00          -7.68425329e-01           7.70907674e-03           1.48737122e+00           1.01098974e+00           6.60974587e-03
          -8.64493087e-01           7.15511858e-01           8.54304076e-03           2.28982794e-03           1.05468713e-03           2.17109689e+00          -7.76426992e-01           7.73602585e-03           1.51393881e+00           1.01064446e+00           6.70894536e-03
          -8.68768167e-01           7.17686772e-01           8.54363125e-03           2.28170174e-03           1.05124628e-03           2.17047307e+00          -7.84413348e-01           7.76220525e-03           1.53839089e+00           1.01029609e+00           6.80211085e-03
          -8.72998388e-01           7.19827533e-01           8.54546610e-03           2.27497724e-03           1.04818297e-03           2.17040087e+00          -7.92375476e-01           7.78756164e-03           1.56303280e+00           1.00994493e+00           6.88611885e-03
          -8.77185138e-01           7.21934617e-01           8.54736526e-03           2.26889277e-03           1.04539862e-03           2.17036137e+00          -8.00311862e-01           7.81210206e-03           1.58955807e+00           1.00959093e+00           6.97103420e-03
          -8.81329064e-01           7.24008143e-01           8.54838793e-03           2.26282840e-03           1.04272827e-03           2.17010361e+00          -8.08233901e-01           7.83596508e-03           1.61997170e+00           1.00923361e+00           7.06081778e-03
          -8.85430571e-01           7.26048052e-01           8.54723636e-03           2.25620010e-03           1.03997142e-03           2.16948279e+00          -8.16155462e-01           7.85935544e-03           1.65560626e+00           1.00887225e+00           7.15650942e-03
          -8.89489615e-01           7.28054047e-01           8.54278239e-03           2.24844716e-03           1.03693962e-03           2.16834917e+00          -8.24092900e-01           7.88252759e-03           1.69692125e+00           1.00850606e+00           7.26135858e-03
          -8.93506033e-01           7.30025947e-01           8.53423083e-03           2.23917895e-03           1.03347874e-03           2.16664249e+00          -8.32062998e-01           7.90573723e-03           1.74307984e+00           1.00813430e+00           7.37720269e-03
          -8.97478816e-01           7.31963277e-01           8.52084012e-03           2.22808498e-03           1.02945016e-03           2.16434468e+00          -8.40076772e-01           7.92914678e-03           1.79247267e+00           1.00775640e+00           7.50614978e-03
          -9.01406791e-01           7.33866453e-01           8.50346446e-03           2.21569469e-03           1.02492040e-03           2.16182125e+00          -8.48143347e-01           7.95286584e-03           1.84238942e+00           1.00737212e+00           7.64178933e-03
          -9.05289808e-01           7.35736847e-01           8.48343766e-03           2.20292642e-03           1.02006517e-03           2.15959380e+00          -8.56256436e-01           7.97685834e-03           1.88991606e+00           1.00698182e+00           7.77609482e-03
          -9.09128037e-01           7.37575710e-01           8.46186760e-03           2.19025736e-03           1.01504793e-03           2.15778714e+00          -8.64401280e-01           8.00098880e-03           1.93366447e+00           1.00658623e+00           7.90660765e-03
          -9.12921854e-01           7.39384472e-01           8.43982665e-03           2.17816448e-03           1.01007100e-03           2.15644692e+00          -8.72561524e-01           8.02507907e-03           1.97250869e+00           1.00618622e+00           8.03395814e-03
          -9.16671942e-01           7.41164684e-01           8.41844508e-03           2.16714721e-03           1.00529420e-03           2.15573432e+00          -8.80718616e-01           8.04893696e-03           2.00635880e+00           1.00578277e+00           8.15342498e-03
          -9.20379157e-01           7.42917776e-01           8.39839573e-03           2.15752325e-03           1.00084304e-03           2.15570589e+00          -8.88853680e-01           8.07239047e-03           2.03616586e+00           1.00537683e+00           8.26330761e-03
          -9.24044921e-01           7.44645059e-01           8.37989254e-03           2.14922264e-03           9.96767552e-04           2.15619242e+00          -8.96951581e-01           8.09530413e-03           2.06313100e+00           1.00496911e+00           8.36376530e-03
          -9.27670216e-01           7.46347308e-01           8.36246074e-03           2.14198223e-03           9.93032292e-04           2.15701165e+00          -9.05000810e-01           8.11757969e-03           2.08877297e+00           1.00456016e+00           8.45978655e-03
          -9.31255780e-01           7.48025000e-01           8.35314699e-03           2.13981008e-03           9.94352376e-04           2.15196356e+00          -9.13013923e-01           8.14014120e-03           2.11441889e+00           1.00490703e+00           8.55320997e-03
          -9.34802187e-01           7.49678492e-01           8.35546728e-03           2.13427409e-03           9.91709544e-04           2.15211612e+00          -9.21000986e-01           8.16354531e-03           2.14061493e+00           1.00449698e+00           8.64821869e-03
          -9.38309990e-01           7.51308322e-01           8.35747248e-03           2.12912688e-03           9.89227135e-04           2.15231346e+00          -9.28938826e-01           8.18624534e-03           2.16783893e+00           1.00408593e+00           8.74115591e-03
          -9.41779574e-01           7.52914727e-01           8.35876449e-03           2.12415420e-03           9.86849827e-04           2.15245942e+00          -9.36829877e-01           8.20828153e-03           2.19655646e+00           1.00367378e+00           8.83589953e-03
          -9.45211382e-01           7.54498065e-01           8.35912506e-03           2.11926276e-03           9.84532082e-04           2.15255836e+00          -9.44679903e-01           8.22970152e-03           2.22705888e+00           1.00326023e+00           8.93110231e-03
          -9.48605855e-01           7.56058752e-01           8.35846604e-03           2.11443929e-03           9.82248234e-04           2.15265268e+00          -9.52491829e-01           8.25053987e-03           2.25910051e+00           1.00284503e+00           9.02510805e-03
          -9.51963245e-01           7.57596910e-01           8.35659777e-03           2.10949715e-03           9.79959650e-04           2.15263674e+00          -9.60271125e-01           8.27087873e-03           2.29275399e+00           1.00242796e+00           9.12215197e-03
          -9.55283858e-01           7.59112894e-01           8.35362293e-03           2.10450086e-03           9.77681544e-04           2.15254228e+00          -9.68022594e-01           8.29076812e-03           2.32862655e+00           1.00200874e+00           9.22214295e-03
          -9.58567920e-01           7.60606825e-01           8.34919614e-03           2.09925696e-03           9.75346801e-04           2.15231849e+00          -9.75750255e-01           8.31027226e-03           2.36679376e+00           1.00158705e+00           9.32575823e-03
          -9.61815603e-01           7.62078881e-01           8.34332810e-03           2.09370883e-03           9.72927752e-04           2.15196743e+00          -9.83461090e-01           8.32947034e-03           2.40750404e+00           1.00116252e+00           9.43118195e-03
          -9.65027079e-01           7.63529360e-01           8.33589353e-03           2.08790359e-03           9.70421384e-04           2.15154327e+00          -9.91158483e-01           8.34842902e-03           2.45049952e+00           1.00073486e+00           9.53901491e-03
          -9.68202438e-01           7.64958322e-01           8.32683260e-03           2.08169479e-03           9.67795575e-04           2.15096540e+00          -9.98847588e-01           8.36723406e-03           2.49594717e+00           1.00030383e+00           9.65397926e-03
          -9.71341692e-01           7.66366005e-01           8.31613923e-03           2.07512663e-03           9.65030772e-04           2.15032172e+00          -1.00653251e+00           8.38596536e-03           2.54373513e+00           9.99869132e-01           9.76870781e-03
          -9.74444931e-01           7.67752588e-01           8.30377255e-03           2.06812882e-03           9.62115692e-04           2.14956355e+00          -1.01421690e+00           8.40469699e-03           2.59327361e+00           9.99430500e-01           9.88778249e-03
          -9.77512218e-01           7.69118428e-01           8.28995839e-03           2.06086616e-03           9.59081533e-04           2.14879141e+00          -1.02190195e+00           8.42347291e-03           2.64452176e+00           9.98987832e-01           1.00100460e-02
          -9.80543669e-01           7.70463705e-01           8.27450946e-03           2.05323968e-03           9.55903839e-04           2.14795631e+00          -1.02958874e+00           8.44233856e-03           2.69756896e+00           9.98541054e-01           1.01366648e-02
          -9.83539263e-01           7.71788657e-01           8.25756895e-03           2.04521814e-03           9.52577280e-04           2.14703645e+00          -1.03727896e+00           8.46132981e-03           2.75238301e+00           9.98090063e-01           1.02668417e-02
          -9.86499087e-01           7.73093522e-01           8.23891923e-03           2.03679715e-03           9.49081956e-04           2.14607088e+00          -1.04497102e+00           8.48043990e-03           2.80839264e+00           9.97634822e-01           1.04001862e-02
          -9.89423067e-01           7.74378478e-01           8.21861494e-03           2.02790413e-03           9.45418753e-04           2.14497980e+00          -1.05266367e+00           8.49965513e-03           2.86457519e+00           9.97175432e-01           1.05422770e-02
          -9.92310887e-01           7.75643706e-01           8.19739937e-03           2.02153217e-03           9.44888726e-04           2.13943940e+00          -1.06035577e+00           8.51904156e-03           2.91955902e+00           9.96712164e-01           1.06848836e-02
          -9.95162439e-01           7.76889801e-01           8.18664220e-03           2.01232619e-03           9.41219754e-04           2.13799825e+00          -1.06806666e+00           8.53992434e-03           2.97148235e+00           9.96245488e-01           1.08268180e-02
          -9.97977931e-01           7.78117538e-01           8.17499928e-03           2.00340383e-03           9.37532719e-04           2.13688950e+00          -1.07575972e+00           8.56064225e-03           3.01791852e+00           9.95776276e-01           1.09668675e-02
          -1.00075765e+00           7.79327631e-01           8.16312643e-03           1.99496373e-03           9.33905734e-04           2.13615107e+00          -1.08342203e+00           8.58109217e-03           3.05865468e+00           9.95305543e-01           1.10994103e-02
          -1.00350194e+00           7.80520797e-01           8.15175853e-03           1.98724250e-03           9.30424321e-04           2.13584540e+00          -1.09104122e+00           8.60117040e-03           3.09352261e+00           9.94834293e-01           1.12202279e-02
          -1.00621137e+00           7.81697810e-01           8.14160210e-03           1.98046018e-03           9.27184783e-04           2.13599298e+00          -1.09860557e+00           8.62077215e-03           3.12131973e+00           9.94363578e-01           1.13329775e-02
          -1.00888652e+00           7.82859445e-01           8.13336809e-03           1.97488612e-03           9.24278956e-04           2.13667758e+00          -1.10610471e+00           8.63980255e-03           3.14385911e+00           9.93894330e-01           1.14289443e-02
          -1.01152823e+00           7.84006417e-01           8.12745241e-03           1.97064795e-03           9.21785802e-04           2.13785887e+00          -1.11352870e+00           8.65818756e-03           3.16288467e+00           9.93427270e-01           1.15134841e-02
          -1.01413767e+00           7.85139322e-01           8.12358798e-03           1.96761502e-03           9.19690195e-04           2.13943242e+00          -1.12086945e+00           8.67590256e-03           3.18133933e+00           9.92962789e-01           1.15872821e-02
          -1.01671554e+00           7.86258042e-01           8.12093909e-03           1.96522082e-03           9.17888059e-04           2.14102450e+00          -1.12812647e+00           8.69296613e-03           3.20268834e+00           9.92500719e-01           1.16577131e-02
          -1.01926225e+00           7.87362456e-01           8.11873007e-03           1.96307345e-03           9.16286413e-04           2.14242340e+00          -1.13530772e+00           8.70944855e-03           3.22908691e+00           9.92040438e-01           1.17326268e-02
          -1.02177803e+00           7.88452327e-01           8.11617568e-03           1.96082957e-03           9.14759335e-04           2.14354693e+00          -1.14242256e+00           8.72545553e-03           3.26191475e+00           9.91581106e-01           1.18133731e-02
          -1.02426304e+00           7.89527476e-01           8.11255519e-03           1.95818849e-03           9.13213736e-04           2.14428279e+00          -1.14948236e+00           8.74110796e-03           3.30234426e+00           9.91121712e-01           1.19027890e-02
          -1.02671737e+00           7.90587664e-01           8.10702844e-03           1.95485974e-03           9.11523025e-04           2.14460819e+00          -1.15649566e+00           8.75652367e-03           3.35028532e+00           9.89909382e-01           1.20042418e-02
          -1.02914092e+00           7.91632593e-01           8.09906262e-03           1.95056328e-03           9.09582875e-04           2.14445911e+00          -1.16347135e+00           8.77182052e-03           3.40399602e+00           9.89448265e-01           1.21150294e-02
          -1.03153333e+00           7.92661905e-01           8.08825335e-03           1.94503619e-03           9.07351500e-04           2.14364135e+00          -1.17041979e+00           8.78708984e-03           3.46147762e+00           9.88985102e-01           1.22479294e-02
          -1.03389405e+00           7.93675721e-01           8.07505729e-03           1.93864546e-03           9.04826383e-04           2.14256071e+00          -1.17734858e+00           8.80238564e-03           3.51984884e+00           9.88519611e-01           1.23912541e-02
          -1.03622296e+00           7.94674456e-01           8.06009956e-03           1.93172045e-03           9.02075833e-04           2.14141691e+00          -1.18425829e+00           8.81771643e-03           3.57581213e+00           9.88052016e-01           1.25349430e-02
          -1.03852020e+00           7.95658708e-01           8.04411354e-03           1.92466145e-03           8.99179188e-04           2.14046486e+00          -1.19114206e+00           8.83303422e-03           3.62710876e+00           9.87582889e-01           1.26708398e-02
          -1.04078604e+00           7.96629012e-01           8.02778474e-03           1.91778136e-03           8.96248029e-04           2.13978865e+00          -1.19799126e+00           8.84825424e-03           3.67148275e+00           9.87113044e-01           1.28044280e-02
          -1.04302084e+00           7.97586024e-01           8.01185491e-03           1.91140462e-03           8.93391799e-04           2.13949201e+00          -1.20479466e+00           8.86326417e-03           3.70805135e+00           9.86643491e-01           1.29289825e-02
          -1.04522508e+00           7.98530281e-01           7.99684392e-03           1.90567289e-03           8.90683256e-04           2.13956295e+00          -1.21154189e+00           8.87795298e-03           3.73724293e+00           9.86175153e-01           1.30435581e-02
          -1.04739939e+00           7.99462497e-01           7.98344222e-03           1.90089149e-03           8.88191203e-04           2.14018275e+00          -1.21822480e+00           8.89222262e-03           3.75907423e+00           9.85708865e-01           1.31389262e-02
          -1.04954446e+00           8.00383270e-01           7.97207065e-03           1.89723131e-03           8.85985882e-04           2.14137872e+00          -1.22483086e+00           8.90596982e-03           3.77447428e+00           9.85245516e-01           1.32119957e-02
          -1.05166131e+00           8.01293075e-01           7.96275249e-03           1.89460872e-03           8.84121636e-04           2.14292768e+00          -1.23135199e+00           8.91912047e-03           3.78608109e+00           9.84785705e-01           1.32777726e-02
          -1.05375074e+00           8.02192152e-01           7.95527141e-03           1.89287888e-03           8.82567925e-04           2.14474016e+00          -1.23778254e+00           8.93164710e-03           3.79657109e+00           9.84329707e-01           1.33391545e-02
          -1.05581328e+00           8.03080440e-01           7.94916025e-03           1.89162365e-03           8.81255869e-04           2.14650899e+00          -1.24412445e+00           8.94357071e-03           3.80885816e+00           9.83877409e-01           1.33956903e-02
          -1.05784952e+00           8.03958058e-01           7.94407815e-03           1.89069665e-03           8.80127143e-04           2.14820855e+00          -1.25038293e+00           8.95493851e-03           3.82402277e+00           9.83428494e-01           1.34510164e-02
          -1.05985983e+00           8.04824948e-01           7.93960185e-03           1.88992831e-03           8.79128162e-04           2.14977564e+00          -1.25656381e+00           8.96581694e-03           3.84359068e+00           9.82982420e-01           1.35126944e-02
          -1.06184473e+00           8.05681229e-01           7.93550830e-03           1.88916301e-03           8.78190958e-04           2.15119843e+00          -1.26267364e+00           8.97627997e-03           3.86812985e+00           9.82538630e-01           1.35681053e-02
          -1.06380457e+00           8.06526780e-01           7.93781738e-03           1.89028451e-03           8.79658265e-04           2.14888506e+00          -1.26873186e+00           8.98718045e-03           3.89707976e+00           9.82096559e-01           1.36332459e-02
          -1.06573980e+00           8.07361782e-01           7.93975620e-03           1.88925321e-03           8.78867884e-04           2.14964415e+00          -1.27473495e+00           8.99777956e-03           3.93163631e+00           9.81655581e-01           1.37026176e-02
          -1.06765075e+00           8.08186114e-01           7.94074520e-03           1.88781891e-03           8.78033556e-04           2.15005326e+00          -1.28069012e+00           9.00812345e-03           3.97184100e+00           9.81215072e-01           1.37838888e-02
          -1.06953784e+00           8.09000015e-01           7.94069287e-03           1.88603125e-03           8.77125393e-04           2.15024131e+00          -1.28660601e+00           9.01828043e-03           4.01721721e+00           9.80774366e-01           1.38703619e-02
          -1.07140139e+00           8.09803486e-01           7.93941004e-03           1.88383345e-03           8.76110522e-04           2.15022352e+00          -1.29248815e+00           9.02831257e-03           4.06854245e+00           9.80332981e-01           1.39625241e-02
          -1.07324189e+00           8.10596704e-01           7.93672329e-03           1.88118226e-03           8.74968978e-04           2.14999880e+00          -1.29834420e+00           9.03827668e-03           4.12495537e+00           9.79890333e-01           1.40598976e-02
          -1.07505973e+00           8.11379790e-01           7.93246514e-03           1.87804587e-03           8.73673971e-04           2.14959576e+00          -1.30417856e+00           9.04821548e-03           4.18591494e+00           9.79445951e-01           1.41621334e-02
          -1.07685535e+00           8.12152862e-01           7.92652564e-03           1.87436510e-03           8.72210748e-04           2.14898189e+00          -1.30999589e+00           9.05816800e-03           4.25189990e+00           9.78999446e-01           1.42734303e-02
          -1.07862920e+00           8.12916040e-01           7.91863372e-03           1.87005037e-03           8.70559799e-04           2.14810100e+00          -1.31580183e+00           9.06816172e-03           4.32131266e+00           9.78550400e-01           1.43971608e-02
          -1.08038178e+00           8.13669622e-01           7.90883616e-03           1.86517026e-03           8.68705069e-04           2.14706961e+00          -1.32159888e+00           9.07821880e-03           4.39384530e+00           9.78098613e-01           1.45267575e-02
          -1.08211342e+00           8.14413607e-01           7.89672485e-03           1.85955044e-03           8.66612364e-04           2.14576957e+00          -1.32738627e+00           9.08834267e-03           4.46810926e+00           9.77643968e-01           1.46712052e-02
          -1.08382438e+00           8.15148175e-01           7.88258118e-03           1.85320371e-03           8.64282586e-04           2.14421040e+00          -1.33317271e+00           9.09854144e-03           4.54190472e+00           9.77186210e-01           1.48245453e-02
          -1.08551505e+00           8.15873802e-01           7.86669340e-03           1.84639979e-03           8.61737388e-04           2.14264789e+00          -1.33895971e+00           9.10879207e-03           4.61293985e+00           9.76725466e-01           1.49774770e-02
          -1.08718603e+00           8.16591024e-01           7.84968388e-03           1.83939911e-03           8.59051111e-04           2.14119869e+00          -1.34474681e+00           9.11906261e-03           4.67896590e+00           9.76262101e-01           1.51286689e-02
          -1.08883801e+00           8.17300498e-01           7.83210327e-03           1.83250156e-03           8.56305311e-04           2.14000957e+00          -1.35053003e+00           9.12929338e-03           4.73843990e+00           9.75796603e-01           1.52764436e-02
          -1.09047179e+00           8.18002820e-01           7.81447959e-03           1.82589344e-03           8.53569062e-04           2.13912796e+00          -1.35630454e+00           9.13941560e-03           4.79065519e+00           9.75329538e-01           1.54196137e-02
          -1.09208831e+00           8.18698704e-01           7.79745750e-03           1.81978668e-03           8.50887981e-04           2.13869125e+00          -1.36206456e+00           9.14935918e-03           4.83513549e+00           9.74861546e-01           1.55402854e-02
          -1.09368851e+00           8.19388688e-01           7.78140404e-03           1.81424081e-03           8.48335841e-04           2.13858795e+00          -1.36780703e+00           9.15905196e-03           4.87199206e+00           9.74393090e-01           1.56497968e-02
          -1.09527351e+00           8.20073605e-01           7.76711087e-03           1.80961529e-03           8.46003790e-04           2.13901558e+00          -1.37353279e+00           9.16843746e-03           4.90295540e+00           9.73924436e-01           1.57456865e-02
          -1.09684457e+00           8.20754170e-01           7.75478076e-03           1.80600776e-03           8.43936268e-04           2.13998121e+00          -1.37923691e+00           9.17745736e-03           4.93118407e+00           9.73455846e-01           1.58244834e-02
          -1.09840320e+00           8.21431160e-01           7.74435645e-03           1.80343393e-03           8.42130061e-04           2.14151473e+00          -1.38491024e+00           9.18606522e-03           4.95875173e+00           9.72987634e-01           1.58728406e-02
          -1.09995083e+00           8.22104752e-01           7.73502539e-03           1.80144100e-03           8.40523454e-04           2.14323703e+00          -1.39055090e+00           9.19424471e-03           4.98935448e+00           9.72519625e-01           1.59192092e-02
          -1.10148860e+00           8.22775185e-01           7.72780292e-03           1.79815430e-03           8.37329489e-04           2.14748713e+00          -1.39617245e+00           9.20217936e-03           5.02723979e+00           9.72050962e-01           1.59750002e-02
          -1.10301767e+00           8.23442697e-01           7.72340564e-03           1.79645546e-03           8.36033674e-04           2.14878361e+00          -1.40178395e+00           9.21006578e-03           5.07357977e+00           9.71580823e-01           1.60305612e-02
          -1.10453908e+00           8.24107408e-01           7.71846404e-03           1.79439345e-03           8.34717476e-04           2.14970154e+00          -1.40739216e+00           9.21766661e-03           5.13124914e+00           9.71108160e-01           1.61057196e-02
          -1.10605388e+00           8.24769497e-01           7.71232737e-03           1.79168912e-03           8.33288182e-04           2.15014344e+00          -1.41300849e+00           9.22505624e-03           5.20129634e+00           9.70631816e-01           1.62027599e-02
          -1.10756297e+00           8.25429022e-01           7.70421063e-03           1.78796466e-03           8.31633922e-04           2.14994195e+00          -1.41864537e+00           9.23231105e-03           5.28313690e+00           9.70150619e-01           1.63223754e-02
          -1.10906732e+00           8.26086223e-01           7.69350082e-03           1.78302377e-03           8.29659898e-04           2.14910203e+00          -1.42431364e+00           9.23949646e-03           5.37512072e+00           9.69663485e-01           1.64702168e-02
          -1.11056758e+00           8.26741099e-01           7.67966194e-03           1.77656038e-03           8.27291645e-04           2.14744147e+00          -1.43003116e+00           9.24665913e-03           5.47393166e+00           9.69169253e-01           1.66510189e-02
          -1.11206418e+00           8.27394128e-01           7.66309869e-03           1.76885878e-03           8.24547976e-04           2.14524664e+00          -1.43582519e+00           9.25381925e-03           5.57601273e+00           9.68666678e-01           1.68579129e-02
          -1.11355828e+00           8.28046381e-01           7.64445217e-03           1.76049205e-03           8.21477468e-04           2.14308015e+00          -1.44170682e+00           9.26095204e-03           5.67735026e+00           9.68155247e-01           1.70595055e-02
          -1.11505116e+00           8.28698874e-01           7.62436640e-03           1.75184743e-03           8.18190166e-04           2.14112501e+00          -1.44767960e+00           9.26799203e-03           5.77341298e+00           9.67634957e-01           1.72579201e-02
          -1.11654440e+00           8.29352796e-01           7.60363455e-03           1.74339266e-03           8.14807851e-04           2.13963655e+00          -1.45374788e+00           9.27484823e-03           5.86331457e+00           9.67637310e-01           1.74449765e-02
          -1.11803971e+00           8.30009341e-01           7.58313215e-03           1.73548625e-03           8.11469700e-04           2.13869507e+00          -1.45991939e+00           9.28141266e-03           5.94755698e+00           9.67089337e-01           1.76205368e-02
          -1.11953918e+00           8.30670059e-01           7.56384823e-03           1.72866243e-03           8.08286014e-04           2.13867666e+00          -1.46620066e+00           9.28758454e-03           6.02882752e+00           9.66532057e-01           1.77539721e-02
          -1.12104513e+00           8.31336379e-01           7.54614497e-03           1.72323371e-03           8.05360744e-04           2.13970413e+00          -1.47258735e+00           9.29328503e-03           6.11559061e+00           9.65965359e-01           1.78527110e-02
          -1.12256104e+00           8.32009852e-01           7.52935008e-03           1.71904596e-03           8.02673751e-04           2.14164965e+00          -1.47906990e+00           9.29847196e-03           6.21385235e+00           9.65388652e-01           1.79233695e-02
          -1.12408968e+00           8.32690895e-01           7.51141933e-03           1.71505022e-03           8.00036111e-04           2.14371601e+00          -1.48564832e+00           9.30317821e-03           6.33589374e+00           9.64800669e-01           1.80003048e-02
          -1.12563325e+00           8.33379448e-01           7.48980242e-03           1.70999012e-03           7.97185465e-04           2.14503424e+00          -1.49234355e+00           9.30751571e-03           6.49113354e+00           9.64198434e-01           1.81258665e-02
          -1.12719364e+00           8.34075272e-01           7.46158775e-03           1.70256750e-03           7.93713139e-04           2.14506654e+00          -1.49918547e+00           9.31165849e-03           6.68167410e+00           9.63578403e-01           1.83190250e-02
          -1.12877235e+00           8.34778011e-01           7.42348446e-03           1.69151808e-03           7.89243825e-04           2.14321358e+00          -1.50619328e+00           9.31581655e-03           6.91426776e+00           9.62937137e-01           1.86139254e-02
          -1.13036994e+00           8.35486591e-01           7.37235474e-03           1.67520637e-03           7.83347227e-04           2.13852340e+00          -1.51341797e+00           9.32021309e-03           7.17292513e+00           9.62270046e-01           1.90597750e-02
          -1.13198471e+00           8.36200416e-01           7.30862819e-03           1.65369796e-03           7.75832956e-04           2.13151291e+00          -1.52098511e+00           9.32507222e-03           7.44827053e+00           9.61930533e-01           1.96327667e-02
          -1.13361616e+00           8.36921632e-01           7.23528358e-03           1.62917808e-03           7.66980138e-04           2.12414638e+00          -1.52900254e+00           9.33051524e-03           7.73095094e+00           9.61214611e-01           2.02472729e-02
          -1.13526572e+00           8.37653995e-01           7.15654112e-03           1.60447217e-03           7.57342040e-04           2.11855686e+00          -1.53750738e+00           9.33658581e-03           7.98542884e+00           9.60458560e-01           2.08152097e-02
          -1.13693599e+00           8.38401794e-01           7.07621601e-03           1.58237402e-03           7.47489908e-04           2.11691690e+00          -1.54647371e+00           9.34330090e-03           8.24283278e+00           9.59661910e-01           2.12455016e-02
          -1.13863281e+00           8.39170515e-01           6.99067290e-03           1.56436606e-03           7.37645683e-04           2.12075540e+00          -1.55562579e+00           9.35087236e-03           8.48183158e+00           9.58835280e-01           2.14993916e-02
          -1.14036657e+00           8.39959920e-01           6.88642290e-03           1.54240290e-03           7.25107704e-04           2.12713627e+00          -1.56452147e+00           9.36037305e-03           8.66145887e+00           9.57998469e-01           2.18593012e-02
          -1.14213323e+00           8.40755999e-01           6.75016422e-03           1.50271767e-03           7.08922025e-04           2.11972208e+00          -1.57257949e+00           9.37391180e-03           8.72149982e+00           9.57162626e-01           2.29612992e-02
          -1.14714545e+00           8.43019486e-01           6.32119689e-03           1.33198453e-03           6.48294433e-04           2.05459813e+00          -1.59894802e+00           9.42331534e-03           4.92962959e+00           9.54768911e-01           2.84831241e-02
          -1.14839904e+00           8.43703687e-01           6.40015437e-03           1.40323914e-03           6.59714701e-04           2.12703937e+00          -1.59537504e+00           9.42530185e-03           2.35382787e+00           9.54554595e-01           2.38925907e-02
          -1.14947086e+00           8.44383478e-01           6.75252839e-03           1.59428739e-03           6.99599366e-04           2.27885769e+00          -1.57192961e+00           9.43080449e-03           9.69347095e-01           9.54823426e-01           1.57380981e-02
          -1.15044802e+00           8.45088244e-01           7.30457877e-03           1.90382850e-03           7.54852245e-04           2.52212074e+00          -1.53305832e+00           9.44488234e-03           8.31100786e-01           9.55821583e-01           7.63489416e-03
          -1.15136721e+00           8.45804930e-01           7.81756833e-03           2.28748039e-03           8.04526714e-04           2.84326220e+00          -1.49342703e+00           9.46426356e-03           9.59395793e-01           9.56591727e-01           2.44921994e-03
          -1.15221414e+00           8.46498787e-01           8.46254034e-03           2.74243949e-03           8.57983919e-04           3.19637633e+00          -1.44288611e+00           9.50016704e-03           1.50978904e+00           9.54164634e-01          -2.60018961e-04
          -1.15296480e+00           8.47153842e-01           9.36176501e-03           3.37257128e-03           9.39199194e-04           3.59090095e+00          -1.34855366e+00           9.56538461e-03           2.21432903e+00           9.54143247e-01          -1.66233064e-03
          -1.15366698e+00           8.47810268e-01           1.08820618e-02           4.29462446e-03           1.05748397e-03           4.06117217e+00          -1.22627853e+00           9.67345586e-03           3.19899412e+00           9.54583767e-01          -2.04647450e-03
          -1.15439343e+00           8.48514736e-01           1.22870410e-02           5.33969503e-03           1.14693423e-03           4.65562445e+00          -1.14335514e+00           9.79167283e-03           3.69105992e+00           9.54930917e-01          -1.85785958e-03
          -1.15514294e+00           8.49249482e-01           1.32125463e-02           6.33784278e-03           1.18580647e-03           5.34475309e+00          -1.09795518e+00           9.92493004e-03           4.00413129e+00           9.55175239e-01          -1.66380221e-03
          -1.15585912e+00           8.49956036e-01           1.45911180e-02           7.47530942e-03           1.23722114e-03           6.04201559e+00          -1.04405165e+00           1.01639852e-02           3.79728565e+00           9.55669851e-01          -1.59687552e-03
          -1.15653548e+00           8.50628912e-01           1.63070786e-02           8.98517235e-03           1.31834843e-03           6.81547622e+00          -9.61064207e-01           1.06788740e-02           3.48439455e+00           9.56758430e-01          -1.57831062e-03
          -1.15718896e+00           8.51282179e-01           1.85795120e-02           1.09153990e-02           1.43781296e-03           7.59166825e+00          -8.94595657e-01           1.17099393e-02           3.06760775e+00           9.57758637e-01          -1.50088255e-03
          -1.15782678e+00           8.51919293e-01           2.18885283e-02           1.32857720e-02           1.66807645e-03           7.96472606e+00          -9.84795940e-01           1.36066690e-02           2.46206431e+00           9.57090653e-01          -1.29687927e-03
          -1.15845120e+00           8.52539420e-01           2.60864355e-02           1.63127199e-02           1.93191654e-03           8.44380157e+00          -1.05720707e+00           1.75478269e-02           2.05833506e+00           9.54452268e-01          -9.51961113e-04
          -1.15906279e+00           8.53140533e-01           3.15814902e-02           2.03558453e-02           2.23831825e-03           9.09425875e+00          -1.10722838e+00           2.57998460e-02           2.41860421e+00           9.50926398e-01          -5.00013856e-04
          -1.15966035e+00           8.53718758e-01           4.00201801e-02           2.60582085e-02           2.64494241e-03           9.85208919e+00          -1.11295403e+00           4.38466433e-02           3.92812952e+00           9.48309186e-01          -1.28235496e-05
          -1.16024504e+00           8.54272127e-01           5.01746190e-02           3.38801750e-02           2.89353381e-03           1.17089266e+01          -1.04667383e+00           7.41824312e-02           6.07267123e+00           9.46276078e-01           4.22357379e-04
          -1.16081916e+00           8.54799330e-01           5.13180514e-02           3.97749544e-02           1.51433023e-03           2.62657072e+01          -7.26039857e-01           1.10332294e-01           5.03554022e+00           9.44907071e-01           7.10757998e-04
          -1.16138706e+00           8.55300427e-01           5.09131561e-02           4.20121088e-02           3.86138697e-04           1.08800566e+02          -4.36441036e-01           1.15229097e-01           7.21282817e-01           9.44113922e-01           7.94243858e-04
          -1.16195646e+00           8.55779111e-01           5.06203633e-02           3.75374663e-02           3.62598098e-03           1.03523616e+01          -3.66611502e-01           1.20513266e-01           7.11770322e-02           9.43636849e-01           6.85433647e-04
          -1.16253090e+00           8.56236398e-01           5.04404635e-02           3.15717282e-02           6.40055769e-03           4.93265271e+00          -4.39886962e-01           1.26339005e-01           1.04946061e+00           9.43447601e-01           4.39566722e-04
          -1.16311251e+00           8.56671929e-01           5.03296725e-02           2.83631154e-02           7.42180197e-03           3.82159421e+00          -5.84357981e-01           1.25181122e-01           1.69688698e+00           9.43324842e-01           1.20649441e-04
          -1.16370395e+00           8.57085764e-01           5.03176679e-02           2.67578529e-02           7.78819322e-03           3.43569454e+00          -7.49332158e-01           1.16649783e-01           2.10469112e+00           9.43184175e-01          -2.04943784e-04
          -1.16430890e+00           8.57479811e-01           5.03511186e-02           2.58255154e-02           7.95023220e-03           3.24839762e+00          -9.07689689e-01           1.03767491e-01           2.29614929e+00           9.43017609e-01          -4.86701784e-04
          -1.16492831e+00           8.57855320e-01           5.04378719e-02           2.50581207e-02           8.01240291e-03           3.12741645e+00          -1.04234801e+00           9.15169339e-02           2.45397264e+00           9.42810578e-01          -7.09367650e-04
          -1.16556025e+00           8.58212829e-01           5.05577963e-02           2.42977684e-02           8.01924934e-03           3.02993053e+00          -1.15361567e+00           8.04248878e-02           2.53500836e+00           9.42620121e-01          -8.93668461e-04
          -1.16619458e+00           8.58546197e-01           5.07273194e-02           2.34832640e-02           7.97973678e-03           2.94286199e+00          -1.25445784e+00           6.92483724e-02           2.58869378e+00           9.42413743e-01          -1.07492419e-03
          -1.16682627e+00           8.58847261e-01           5.09744414e-02           2.25437598e-02           7.87458291e-03           2.86285128e+00          -1.34637064e+00           5.79333547e-02           2.59929299e+00           9.42222931e-01          -1.24665206e-03
          -1.16745522e+00           8.59109759e-01           4.87742679e-02           2.09430986e-02           7.46277050e-03           2.80634364e+00          -1.39550393e+00           5.18962170e-02           2.55387451e+00           9.42047183e-01          -1.35665999e-03
          -1.16808479e+00           8.59328747e-01           4.58740468e-02           1.93313917e-02           7.00415950e-03           2.75998736e+00          -1.42200601e+00           4.81185792e-02           2.43115711e+00           9.41897022e-01          -1.33121279e-03
          -1.16872066e+00           8.59501362e-01           4.26947911e-02           1.78244611e-02           6.55386861e-03           2.71968545e+00          -1.42614010e+00           4.63550862e-02           2.29519962e+00           9.41815661e-01          -1.09615894e-03
          -1.16936657e+00           8.59623671e-01           4.05303687e-02           1.66575441e-02           6.22341698e-03           2.67659135e+00          -1.42101836e+00           4.38136758e-02           2.15537573e+00           9.41760372e-01          -6.04004017e-04
          -1.17002836e+00           8.59689713e-01           3.85669195e-02           1.56752266e-02           5.94415971e-03           2.63708033e+00          -1.39775337e+00           4.20328619e-02           2.00713329e+00           9.41750410e-01           1.29151489e-04
