               variables=             ss           x_bl          delta        delta_1        delta_2              H             Ue            tke            dps            rho          tau_w
          -7.96901483e-04          -1.64805000e-05           2.58186588e-02          -4.65514248e-03          -7.43613269e-03           6.26016597e-01          -1.16286537e+00           3.59903169e-04          -1.66086163e+01           9.68036634e-01           5.61390166e-02
          -1.58568877e-03           2.70014000e-05           2.60193592e-02          -5.11165822e-03          -8.18401321e-03           6.24590661e-01          -1.12140288e+00           3.61501919e-04          -1.64691424e+01           9.70710077e-01           6.13397464e-02
          -2.37062817e-03           1.14192300e-04           2.63768212e-02          -5.65059179e-03          -9.09383411e-03           6.21365171e-01          -1.07523885e+00           3.62569508e-04          -1.60848037e+01           9.73588609e-01           6.60087539e-02
          -3.15386860e-03           2.45524300e-04           2.66878838e-02          -6.21135991e-03          -1.00744339e-02           6.16546792e-01          -1.02717252e+00           3.63925754e-04          -1.56253990e+01           9.76633921e-01           7.06173461e-02
          -3.93584542e-03           4.21181600e-04           2.65209694e-02          -6.65587537e-03          -1.08891911e-02           6.11236899e-01          -9.81553945e-01           3.67512755e-04          -1.54193680e+01           9.79834493e-01           7.60136563e-02
          -4.71195179e-03           6.41035700e-04           2.68526368e-02          -7.42757476e-03          -1.23260350e-02           6.02592378e-01          -9.22423687e-01           3.69168512e-04          -1.47241932e+01           9.83316489e-01           8.35236662e-02
          -5.47528608e-03           9.12058100e-04           2.71250098e-02          -8.49651213e-03          -1.44644234e-02           5.87407592e-01          -8.48738061e-01           3.71855557e-04          -1.39549813e+01           9.87270913e-01           9.21736754e-02
          -6.23077008e-03           1.24760800e-03           2.79411906e-02          -1.03810032e-02          -1.85120730e-02           5.60769356e-01          -7.50336900e-01           3.72956988e-04          -1.26919535e+01           9.91720819e-01           9.77719266e-02
          -6.99844035e-03           1.66647300e-03           2.84004766e-02          -1.26476656e-02          -2.39501293e-02           5.28083397e-01          -6.48797364e-01           3.76028673e-04          -1.15918228e+01           9.96230707e-01           9.58582410e-02
          -7.80963912e-03           2.18049810e-03           2.85727930e-02          -1.48897189e-02          -2.98761195e-02           4.98381958e-01          -5.61615700e-01           3.79864151e-04          -1.06949805e+01           1.00027961e+00           8.85039649e-02
          -8.67473835e-03           2.78583030e-03           2.85824599e-02          -1.70033122e-02          -3.59192662e-02           4.73375822e-01          -4.89086703e-01           3.84032633e-04          -1.00536449e+01           1.00385447e+00           8.17629036e-02
          -9.56985904e-03           3.46094000e-03           2.86137839e-02          -2.06056187e-02          -4.75254127e-02           4.33570537e-01          -4.03071134e-01           3.88817382e-04          -9.25638469e+00           1.00755537e+00           7.97911109e-02
          -1.04741445e-02           4.21054100e-03           2.86437200e-02          -2.93125760e-02          -8.23314841e-02           3.56031187e-01          -2.85018851e-01           3.96143839e-04          -8.02479251e+00           1.01168872e+00           7.54882097e-02
          -1.14485937e-02           5.09649930e-03           2.87380475e-02          -4.94849620e-02          -1.96443231e-01           2.51904643e-01          -1.67368109e-01           4.04988825e-04          -7.01369568e+00           1.01545758e+00           6.32422494e-02
          -1.25660989e-02           6.16818340e-03           2.78796476e-02          -8.81837473e-02          -5.54457400e-01           1.59045127e-01          -8.71131114e-02           4.18695282e-04          -6.50088777e+00           1.01845095e+00           4.90587549e-02
          -1.38579878e-02           7.44136840e-03           2.74242010e-02          -2.76305141e-01          -4.77593878e+00           5.78535767e-02          -2.55675883e-02           4.29364169e-04          -6.00524786e+00           1.02073572e+00           3.69918849e-02
          -1.51652207e-02           8.74518230e-03           2.62857552e-02           3.31458408e-01          -6.21495410e+00          -5.33323985e-02           1.88230065e-02           4.43591437e-04          -5.61044984e+00           1.02256395e+00           2.82799393e-02
          -1.64704700e-02           1.00500584e-02           2.49967768e-02           9.83579980e-02          -4.91635080e-01          -2.00063018e-01           5.50677332e-02           4.59393761e-04          -5.16434082e+00           1.02403347e+00           2.14614146e-02
          -1.78204773e-02           1.13910269e-02           2.38565543e-02           5.98312835e-02          -1.62214689e-01          -3.68840109e-01           7.77992961e-02           4.74155222e-04          -4.70770507e+00           1.02508562e+00           1.53079051e-02
          -1.92354271e-02           1.27860196e-02           2.28662781e-02           4.46619632e-02          -8.06335721e-02          -5.53887941e-01           8.86993989e-02           4.87076487e-04          -4.29190699e+00           1.02580842e+00           1.09827680e-02
          -2.06546113e-02           1.41751943e-02           2.15935352e-02           3.35370229e-02          -3.93446482e-02          -8.52390972e-01           9.77631097e-02           5.03230309e-04          -3.83245701e+00           1.02640711e+00           7.94913980e-03
          -2.20728167e-02           1.55435810e-02           1.94385372e-02           2.48103754e-02          -1.84097892e-02          -1.34767298e+00           1.00858179e-01           5.29843880e-04          -3.31596230e+00           1.02690480e+00           5.38571266e-03
          -2.35288825e-02           1.69223230e-02           1.74436769e-02           1.80875711e-02          -6.91580467e-03          -2.61539647e+00           1.03049064e-01           5.56659920e-04          -2.69982597e+00           1.02727053e+00           3.27734452e-03
          -2.50370554e-02           1.83244478e-02           1.44102674e-02           1.26410836e-02          -1.77665963e-03          -7.11508459e+00           9.07524315e-02           5.99003539e-04          -2.01952687e+00           1.02760540e+00           1.56999835e-03
          -2.66019073e-02           1.97541881e-02           3.19083741e-03           1.55194161e-03           5.03432247e-04           3.08272188e+00          -4.39396075e-02           9.66612654e-04          -5.16153793e-01           1.02776749e+00           3.10196891e-04
          -2.82297578e-02           2.12176666e-02           1.09836865e-03           4.38912489e-04           1.31336474e-04           3.34189335e+00          -1.97279158e-02           6.15791762e-04           6.53977851e-01           1.02786794e+00           6.38502378e-04
          -2.99260026e-02           2.27207951e-02           1.81692001e-03           6.62925697e-04           2.56760828e-04           2.58188020e+00          -5.25334525e-02           8.53344464e-04           7.44119058e-01           1.02791804e+00           1.30599460e-03
          -3.16969713e-02           2.42714547e-02           2.16831743e-03           7.38867966e-04           2.88979567e-04           2.55681734e+00          -7.90626942e-02           8.69690800e-04           1.09118851e+00           1.02793318e+00           1.77396492e-03
          -3.35474095e-02           2.58779787e-02           2.47868138e-03           8.25958700e-04           3.38229677e-04           2.44200541e+00          -1.01592313e-01           8.48605093e-04           1.13267536e+00           1.02792215e+00           2.10321145e-03
          -3.54746760e-02           2.75433734e-02           2.68262465e-03           8.97183627e-04           3.74167997e-04           2.39780963e+00          -1.21040255e-01           8.29944889e-04           1.14594706e+00           1.02789189e+00           2.33679079e-03
          -3.74722895e-02           2.92636398e-02           2.93287296e-03           9.58441439e-04           4.01007964e-04           2.39008081e+00          -1.38074596e-01           8.01804127e-04           1.14393175e+00           1.02784702e+00           2.49911516e-03
          -3.95397701e-02           3.10387891e-02           3.11955638e-03           1.01715944e-03           4.23730076e-04           2.40048912e+00          -1.53137518e-01           7.81067187e-04           1.07161953e+00           1.02779068e+00           2.60401118e-03
          -4.16782373e-02           3.28704379e-02           3.33217127e-03           1.09033199e-03           4.60121732e-04           2.36965983e+00          -1.66479282e-01           7.58742979e-04           1.02134210e+00           1.02772579e+00           2.66210071e-03
          -4.38896383e-02           3.47611606e-02           3.53148625e-03           1.15378739e-03           4.85151100e-04           2.37820214e+00          -1.78298764e-01           7.38673961e-04           9.39466493e-01           1.02765581e+00           2.68642713e-03
          -4.61763695e-02           3.67141925e-02           3.70197574e-03           1.22790958e-03           5.18970288e-04           2.36604987e+00          -1.88887266e-01           7.23329210e-04           8.63950815e-01           1.02758239e+00           2.68107067e-03
          -4.85409440e-02           3.87331732e-02           3.92567910e-03           1.29606785e-03           5.46320484e-04           2.37235815e+00          -1.98230871e-01           7.04378020e-04           7.93273385e-01           1.02750795e+00           2.65771428e-03
          -5.09854475e-02           4.08216640e-02           4.11082683e-03           1.36368311e-03           5.71622988e-04           2.38563378e+00          -2.06634815e-01           6.90317738e-04           7.16066491e-01           1.02743375e+00           2.62021567e-03
          -5.35112828e-02           4.29824255e-02           4.29147345e-03           1.44169862e-03           6.06832137e-04           2.37577830e+00          -2.14224441e-01           6.78545996e-04           6.57380588e-01           1.02736052e+00           2.57384165e-03
          -5.61204723e-02           4.52187173e-02           4.50244845e-03           1.51231362e-03           6.34220488e-04           2.38452344e+00          -2.20973129e-01           6.65496701e-04           5.92766183e-01           1.02728914e+00           2.52075351e-03
          -5.88150010e-02           4.75340076e-02           4.68390424e-03           1.58214889e-03           6.59861303e-04           2.39769916e+00          -2.27127780e-01           6.56151513e-04           5.42532307e-01           1.02721961e+00           2.46394077e-03
          -6.15964511e-02           4.99316864e-02           4.85132353e-03           1.66090324e-03           6.94789956e-04           2.39051130e+00          -2.32785199e-01           6.49446291e-04           4.96397677e-01           1.02717963e+00           2.40813107e-03
          -6.44654250e-02           5.24145626e-02           5.05514710e-03           1.72948883e-03           7.21546448e-04           2.39691962e+00          -2.37848543e-01           6.40946744e-04           4.56661172e-01           1.02711309e+00           2.35663080e-03
          -6.74195533e-02           5.49826771e-02           5.22875701e-03           1.79339880e-03           7.45921492e-04           2.40427286e+00          -2.42543300e-01           6.35326870e-04           4.24718774e-01           1.02704898e+00           2.31363458e-03
          -7.04551908e-02           5.76327853e-02           5.38247179e-03           1.85439096e-03           7.68306192e-04           2.41360929e+00          -2.46918790e-01           6.32118677e-04           3.91464194e-01           1.02698727e+00           2.27259873e-03
          -7.35718103e-02           6.03634603e-02           5.53729960e-03           1.92683423e-03           8.01730169e-04           2.40334505e+00          -2.50954412e-01           6.30097137e-04           3.59471436e-01           1.02692814e+00           2.22712011e-03
          -7.67705852e-02           6.31745607e-02           5.72148959e-03           1.99304754e-03           8.26689903e-04           2.41087684e+00          -2.54534536e-01           6.27119983e-04           3.25291006e-01           1.02687186e+00           2.17400763e-03
          -8.00548484e-02           6.60676360e-02           5.90000056e-03           2.06500343e-03           8.52268705e-04           2.42294879e+00          -2.57765190e-01           6.25836494e-04           2.87698329e-01           1.02681879e+00           2.10911885e-03
          -8.34329189e-02           6.90496787e-02           6.07955202e-03           2.14436967e-03           8.78982760e-04           2.43960378e+00          -2.60647064e-01           6.25992043e-04           2.54415712e-01           1.02676917e+00           2.03244854e-03
          -8.69117545e-02           7.21290112e-02           6.25967663e-03           2.22811422e-03           9.06435839e-04           2.45810473e+00          -2.63190067e-01           6.27523842e-04           2.19061229e-01           1.02672307e+00           1.95416005e-03
          -9.79938219e-02           8.20161849e-02           6.85576966e-03           2.49580615e-03           1.00952718e-03           2.47225256e+00          -2.68903184e-01           6.34655182e-04           1.54480493e-01           1.02660259e+00           1.76339899e-03
          -1.01905859e-01           8.55384469e-02           7.04332446e-03           2.57855248e-03           1.03848449e-03           2.48299567e+00          -2.70378624e-01           6.39047288e-04           1.42000888e-01           1.02656792e+00           1.70525654e-03
          -1.05922852e-01           8.91719013e-02           7.22605468e-03           2.66046579e-03           1.06718452e-03           2.49297637e+00          -2.71672509e-01           6.44540974e-04           1.23921008e-01           1.02653586e+00           1.65186767e-03
          -1.10045615e-01           9.29177627e-02           7.40633092e-03           2.74286625e-03           1.09571459e-03           2.50326706e+00          -2.72788244e-01           6.51039048e-04           1.12591353e-01           1.02650637e+00           1.59986366e-03
          -1.14275456e-01           9.67775211e-02           7.58661833e-03           2.82698721e-03           1.12434332e-03           2.51434517e+00          -2.73722770e-01           6.58462401e-04           9.65488151e-02           1.02647942e+00           1.54754395e-03
          -1.18614965e-01           1.00753687e-01           7.77021633e-03           2.91499244e-03           1.15349340e-03           2.52709935e+00          -2.74474860e-01           6.66721753e-04           8.31109086e-02           1.02645505e+00           1.49259954e-03
          -1.23069215e-01           1.04851082e-01           7.96059165e-03           3.00918412e-03           1.18367616e-03           2.54223598e+00          -2.75053814e-01           6.75726191e-04           7.02343702e-02           1.02643342e+00           1.43397589e-03
          -1.27648389e-01           1.09081328e-01           8.15632440e-03           3.10798009e-03           1.21479696e-03           2.55843585e+00          -2.75488138e-01           6.85401787e-04           5.92018220e-02           1.02641461e+00           1.37547705e-03
          -1.32356663e-01           1.13453083e-01           8.34808011e-03           3.20335744e-03           1.24575181e-03           2.57142507e+00          -2.75814578e-01           6.95765292e-04           5.41311723e-02           1.02639853e+00           1.32722020e-03
          -1.37189470e-01           1.17966808e-01           8.52522581e-03           3.28715958e-03           1.27496962e-03           2.57822581e+00          -2.76054852e-01           7.06926631e-04           5.13111494e-02           1.02638483e+00           1.29391211e-03
          -1.42134203e-01           1.22611262e-01           8.68756483e-03           3.36038734e-03           1.30204133e-03           2.58086073e+00          -2.76218266e-01           7.19005963e-04           4.93571138e-02           1.02637306e+00           1.26940028e-03
          -1.47187322e-01           1.27381116e-01           8.84404334e-03           3.45213640e-03           1.34938207e-03           2.55830907e+00          -2.76308447e-01           7.31995002e-04           4.77429224e-02           1.02636284e+00           1.24396730e-03
          -1.52353708e-01           1.32279724e-01           9.00305399e-03           3.52576448e-03           1.37594267e-03           2.56243559e+00          -2.76323140e-01           7.45722677e-04           4.29320905e-02           1.02635387e+00           1.21441897e-03
          -1.57638659e-01           1.37313083e-01           9.16028302e-03           3.60058804e-03           1.40225948e-03           2.56770454e+00          -2.76287444e-01           7.60496453e-04           4.16626417e-02           1.02634590e+00           1.18488931e-03
          -1.63046201e-01           1.42486557e-01           9.31341049e-03           3.67443809e-03           1.42812813e-03           2.57290506e+00          -2.76222834e-01           7.76350691e-04           4.09829592e-02           1.02633868e+00           1.15712318e-03
          -1.68578533e-01           1.47805139e-01           9.45285897e-03           3.73895617e-03           1.45248999e-03           2.57417001e+00          -2.76154906e-01           7.93390321e-04           4.06547850e-02           1.02633190e+00           1.13877344e-03
          -1.74226031e-01           1.53262302e-01           9.56807536e-03           3.76072930e-03           1.44896271e-03           2.59546315e+00          -2.76087201e-01           8.11552747e-04           4.86966157e-02           1.02632507e+00           1.13347831e-03
          -1.79968949e-01           1.58836782e-01           9.66702276e-03           3.79578720e-03           1.46687173e-03           2.58767493e+00          -2.76018012e-01           8.30596989e-04           4.60737752e-02           1.02631764e+00           1.13149226e-03
          -1.85810522e-01           1.64527357e-01           9.76570640e-03           3.83446583e-03           1.48416470e-03           2.58358511e+00          -2.75972978e-01           8.50483231e-04           5.27317304e-02           1.02630924e+00           1.12327341e-03
          -1.91770064e-01           1.70354351e-01           9.85791685e-03           3.87040486e-03           1.50040403e-03           2.57957509e+00          -2.75969600e-01           8.70763978e-04           5.48361842e-02           1.02629983e+00           1.11410094e-03
          -1.97832422e-01           1.76306441e-01           9.91471745e-03           3.88103360e-03           1.51217582e-03           2.56652272e+00          -2.76017256e-01           8.92023238e-04           5.69059146e-02           1.02628940e+00           1.12628031e-03
          -2.03964046e-01           1.82346404e-01           9.95396604e-03           3.88367076e-03           1.52062779e-03           2.55399171e+00          -2.76135423e-01           9.14310135e-04           7.07521547e-02           1.02627783e+00           1.13930838e-03
          -2.10179963e-01           1.88483641e-01           1.00037375e-02           3.89867476e-03           1.52956889e-03           2.54887164e+00          -2.76313990e-01           9.37114361e-04           6.47374304e-02           1.02626534e+00           1.13469063e-03
          -2.16501195e-01           1.94740877e-01           1.00422015e-02           3.90799992e-03           1.53686377e-03           2.54284081e+00          -2.76544323e-01           9.60627136e-04           6.54037148e-02           1.02625234e+00           1.13512352e-03
          -2.22893370e-01           2.01084152e-01           1.00558825e-02           3.90201392e-03           1.54074491e-03           2.53255026e+00          -2.76821888e-01           9.85292922e-04           7.60457634e-02           1.02623908e+00           1.15079285e-03
          -2.29349735e-01           2.07501084e-01           1.00833270e-02           3.90947219e-03           1.54604042e-03           2.52869986e+00          -2.77135773e-01           1.01068541e-03           6.96081764e-02           1.02622605e+00           1.15094145e-03
          -2.35920926e-01           2.14042321e-01           1.01152708e-02           3.92206790e-03           1.55165019e-03           2.52767532e+00          -2.77491728e-01           1.03628387e-03           6.90428181e-02           1.02621378e+00           1.14226921e-03
          -2.42566588e-01           2.20670268e-01           1.00873757e-02           3.88994804e-03           1.54984993e-03           2.50988691e+00          -2.77872818e-01           1.06352407e-03           8.13645090e-02           1.02620207e+00           1.17862839e-03
          -2.49218760e-01           2.27310613e-01           1.00665696e-02           3.87119901e-03           1.54701690e-03           2.50236374e+00          -2.78279794e-01           1.09191784e-03           7.35994625e-02           1.02635084e+00           1.19040495e-03
          -2.55962103e-01           2.34044403e-01           1.01111493e-02           3.90619495e-03           1.55234650e-03           2.51631640e+00          -2.78653940e-01           1.11977618e-03           6.38255529e-02           1.02634651e+00           1.15457865e-03
          -2.62830234e-01           2.40907639e-01           1.01552991e-02           3.93737340e-03           1.55962991e-03           2.52455623e+00          -2.78992728e-01           1.14750525e-03           6.48686542e-02           1.02634375e+00           1.14040126e-03
          -2.69775610e-01           2.47851714e-01           1.01721342e-02           3.94553032e-03           1.56423697e-03           2.52233542e+00          -2.79315387e-01           1.17631865e-03           6.45813252e-02           1.02634265e+00           1.14628407e-03
          -2.76783712e-01           2.54859775e-01           1.01816501e-02           3.94961493e-03           1.56714522e-03           2.52026096e+00          -2.79631159e-01           1.20637473e-03           6.33181175e-02           1.02634324e+00           1.14818900e-03
          -2.83859892e-01           2.61935592e-01           1.02009839e-02           3.96509745e-03           1.57084992e-03           2.52417331e+00          -2.79733993e-01           1.23757590e-03           6.06139319e-02           1.02634551e+00           1.13811829e-03
          -2.91025673e-01           2.69099295e-01           1.02304081e-02           3.95891260e-03           1.54585214e-03           2.56099046e+00          -2.79493812e-01           1.26943975e-03           5.57911212e-02           1.02634920e+00           1.12205705e-03
          -2.98285243e-01           2.76352942e-01           1.02631753e-02           3.97999257e-03           1.55334577e-03           2.56220646e+00          -2.78831123e-01           1.30039851e-03           5.78459411e-02           1.02635377e+00           1.11259126e-03
          -3.05625841e-01           2.83680856e-01           1.02714716e-02           3.98454023e-03           1.55780956e-03           2.55778390e+00          -2.77768670e-01           1.33226981e-03           5.57234596e-02           1.02635841e+00           1.11040405e-03
          -3.13024984e-01           2.91058719e-01           1.02641635e-02           3.98212886e-03           1.55978099e-03           2.55300513e+00          -2.76448187e-01           1.36558023e-03           5.55536635e-02           1.02636229e+00           1.10980428e-03
          -3.20486610e-01           2.98490733e-01           1.02821694e-02           4.00536358e-03           1.56432414e-03           2.56044351e+00          -2.74882272e-01           1.39940081e-03           5.43577624e-02           1.02636477e+00           1.08599470e-03
          -3.28091382e-01           3.06055129e-01           1.03204788e-02           4.04822110e-03           1.57316662e-03           2.57329455e+00          -2.72391347e-01           1.43249799e-03           4.99333803e-02           1.02636558e+00           1.04820585e-03
          -3.35830945e-01           3.13726842e-01           1.02540224e-02           4.01826992e-03           1.57002596e-03           2.55936526e+00          -2.68905439e-01           1.46582016e-03           7.14653758e-02           1.02636463e+00           1.06282777e-03
          -3.43579552e-01           3.21376651e-01           1.03649784e-02           3.98210666e-03           1.58012868e-03           2.52011542e+00          -2.83165541e-01           1.48518429e-03           9.24747926e-02           1.02636150e+00           1.17164358e-03
          -3.51347201e-01           3.29016417e-01           1.02539014e-02           3.89923093e-03           1.56365741e-03           2.49366063e+00          -2.84403048e-01           1.51263950e-03           1.00750813e-01           1.02635568e+00           1.22164425e-03
          -3.59130870e-01           3.36639970e-01           1.01199150e-02           3.80955533e-03           1.54194604e-03           2.47061521e+00          -2.86013794e-01           1.53728532e-03           1.19370864e-01           1.02634677e+00           1.27659160e-03
          -3.66917058e-01           3.44231516e-01           9.96603300e-03           3.71437369e-03           1.51611899e-03           2.44992227e+00          -2.87996003e-01           1.55919849e-03           1.32950663e-01           1.02633463e+00           1.33682222e-03
          -3.74694490e-01           3.51779670e-01           9.80644484e-03           3.62260624e-03           1.48839696e-03           2.43389790e+00          -2.90334954e-01           1.57804631e-03           1.41741262e-01           1.02631949e+00           1.39408472e-03
          -3.82456640e-01           3.59278828e-01           9.65162586e-03           3.53966731e-03           1.46090461e-03           2.42292843e+00          -2.92986530e-01           1.59420867e-03           1.51100494e-01           1.02630188e+00           1.44683488e-03
          -3.90200574e-01           3.66728216e-01           9.52534212e-03           3.44554155e-03           1.40899861e-03           2.44538322e+00          -2.95892549e-01           1.60671977e-03           1.54917456e-01           1.02628239e+00           1.48985503e-03
          -3.97930676e-01           3.74135077e-01           9.45146837e-03           3.40787474e-03           1.39472961e-03           2.44339456e+00          -2.98966601e-01           1.61514058e-03           1.52583536e-01           1.02626153e+00           1.51600959e-03
          -4.05665067e-01           3.81518692e-01           9.41704073e-03           3.39481374e-03           1.38674545e-03           2.44804390e+00          -3.02063115e-01           1.62304470e-03           1.45178321e-01           1.02623975e+00           1.52506682e-03
          -4.13419994e-01           3.88890743e-01           9.40919327e-03           3.39507225e-03           1.38349274e-03           2.45398632e+00          -3.05123704e-01           1.63099058e-03           1.42820215e-01           1.02621710e+00           1.53003301e-03
          -4.21197001e-01           3.96247029e-01           9.41051669e-03           3.39637203e-03           1.38220074e-03           2.45722052e+00          -3.08154733e-01           1.63955879e-03           1.42813217e-01           1.02653682e+00           1.54020459e-03
          -4.28985462e-01           4.03573602e-01           9.41110633e-03           3.39386005e-03           1.38096642e-03           2.45759781e+00          -3.11178169e-01           1.64946181e-03           1.41609198e-01           1.02651259e+00           1.55604800e-03
          -4.36779735e-01           4.10864651e-01           9.41494059e-03           3.39114174e-03           1.38014236e-03           2.45709561e+00          -3.14182477e-01           1.66085986e-03           1.45141815e-01           1.02648671e+00           1.57294739e-03
          -4.44579649e-01           4.18119997e-01           9.42730314e-03           3.39287784e-03           1.38027005e-03           2.45812610e+00          -3.17143548e-01           1.67331387e-03           1.39785075e-01           1.02645932e+00           1.58306428e-03
          -4.52389315e-01           4.25343394e-01           9.45063840e-03           3.40217573e-03           1.38197954e-03           2.46181338e+00          -3.20056339e-01           1.68708611e-03           1.36959578e-01           1.02643039e+00           1.58664127e-03
          -4.60218971e-01           4.32544142e-01           9.49818509e-03           3.42776816e-03           1.38733436e-03           2.47075850e+00          -3.22936660e-01           1.70159323e-03           1.38664935e-01           1.02639946e+00           1.57584425e-03
          -4.68109255e-01           4.39750940e-01           9.55682172e-03           3.45481332e-03           1.39529966e-03           2.47603680e+00          -3.25837618e-01           1.71581648e-03           1.40360836e-01           1.02636595e+00           1.57076173e-03
          -4.76044624e-01           4.46912319e-01           9.53860121e-03           3.42256948e-03           1.39276597e-03           2.45739022e+00          -3.28949876e-01           1.73093661e-03           1.69890057e-01           1.02632829e+00           1.63452671e-03
          -4.83915689e-01           4.53932762e-01           9.45952923e-03           3.35170490e-03           1.37945703e-03           2.42972766e+00          -3.32441588e-01           1.74750795e-03           1.98470208e-01           1.02628489e+00           1.72852196e-03
          -4.91731046e-01           4.60844785e-01           9.39047201e-03           3.29796765e-03           1.36493687e-03           2.41620526e+00          -3.36286796e-01           1.76334999e-03           2.01753868e-01           1.02623535e+00           1.78499798e-03
          -4.99523975e-01           4.67682898e-01           9.34583506e-03           3.26572733e-03           1.35387567e-03           2.41213237e+00          -3.40333836e-01           1.77703876e-03           2.15207407e-01           1.02618037e+00           1.82091960e-03
          -5.07308206e-01           4.74443972e-01           9.29359338e-03           3.22797196e-03           1.34250162e-03           2.40444548e+00          -3.44590017e-01           1.78868582e-03           2.31361737e-01           1.02612008e+00           1.87467445e-03
          -5.15052476e-01           4.81093407e-01           9.21861801e-03           3.17480329e-03           1.32774955e-03           2.39111608e+00          -3.49137773e-01           1.79880088e-03           2.48696583e-01           1.02605381e+00           1.95078333e-03
          -5.22736366e-01           4.87619489e-01           9.13597395e-03           3.11969812e-03           1.31106179e-03           2.37952029e+00          -3.54020124e-01           1.80739911e-03           2.72002353e-01           1.02598088e+00           2.02707028e-03
          -5.30364168e-01           4.94037211e-01           9.07169618e-03           3.07951158e-03           1.29677523e-03           2.37474584e+00          -3.59185850e-01           1.81389480e-03           2.78953585e-01           1.02590146e+00           2.08309187e-03
          -5.37958384e-01           5.00359118e-01           9.01134159e-03           3.04086685e-03           1.28355837e-03           2.36909121e+00          -3.64594846e-01           1.81855782e-03           3.02002896e-01           1.02581595e+00           2.14731740e-03
          -5.45494945e-01           5.06555021e-01           8.93130373e-03           2.98815073e-03           1.26747452e-03           2.35756277e+00          -3.70293322e-01           1.82231369e-03           3.28756273e-01           1.02572421e+00           2.23982303e-03
          -5.52951347e-01           5.12613296e-01           8.83870904e-03           2.92962387e-03           1.24891776e-03           2.34573001e+00          -3.76328158e-01           1.82601602e-03           3.47706111e-01           1.02562596e+00           2.34006219e-03
          -5.60318738e-01           5.18540502e-01           8.75800700e-03           2.88183888e-03           1.23175137e-03           2.33962710e+00          -3.82597725e-01           1.82934380e-03           3.66614008e-01           1.02552174e+00           2.42261813e-03
          -5.67611398e-01           5.24361491e-01           8.70769571e-03           2.85403380e-03           1.21943765e-03           2.34045077e+00          -3.88929122e-01           1.83165995e-03           3.64712543e-01           1.02541277e+00           2.47569301e-03
          -5.74847464e-01           5.30091345e-01           8.68145103e-03           2.84073250e-03           1.21144797e-03           2.34490673e+00          -3.95213415e-01           1.83333254e-03           3.62691730e-01           1.02566578e+00           2.51194488e-03
          -5.82032124e-01           5.35732925e-01           8.67341397e-03           2.83735029e-03           1.20698916e-03           2.35076700e+00          -4.01431360e-01           1.83500136e-03           3.68625058e-01           1.02554623e+00           2.54084176e-03
          -5.89175777e-01           5.41294694e-01           8.68469343e-03           2.84294059e-03           1.20615700e-03           2.35702367e+00          -4.07602055e-01           1.83659674e-03           3.72738169e-01           1.02542206e+00           2.56241731e-03
          -5.96300043e-01           5.46778083e-01           8.68937408e-03           2.83934590e-03           1.20488132e-03           2.35653574e+00          -4.13832803e-01           1.83826120e-03           3.95870585e-01           1.02529264e+00           2.60981610e-03
          -6.03373514e-01           5.52132308e-01           8.63477967e-03           2.79409218e-03           1.19452728e-03           2.33907774e+00          -4.20357497e-01           1.84211141e-03           4.48428521e-01           1.02515568e+00           2.74558920e-03
          -6.10329731e-01           5.57325125e-01           8.54997339e-03           2.73434729e-03           1.17782562e-03           2.32152133e+00          -4.27292468e-01           1.84823055e-03           4.82573176e-01           1.02500919e+00           2.89206441e-03
          -6.17184854e-01           5.62405825e-01           8.49613332e-03           2.70170361e-03           1.16485846e-03           2.31934068e+00          -4.34418300e-01           1.85409208e-03           4.86916249e-01           1.02485466e+00           2.96323931e-03
          -6.23979095e-01           5.67404807e-01           8.47118492e-03           2.70294432e-03           1.17301876e-03           2.30426351e+00          -4.41504257e-01           1.85865872e-03           4.92989823e-01           1.02469519e+00           3.00959914e-03
          -6.30713005e-01           5.72313487e-01           8.46694973e-03           2.69013362e-03           1.16750741e-03           2.30416835e+00          -4.48555177e-01           1.86124477e-03           5.05217685e-01           1.02453178e+00           3.07122088e-03
          -6.37380877e-01           5.77128589e-01           8.46452939e-03           2.67745563e-03           1.16262134e-03           2.30294726e+00          -4.55585415e-01           1.86384622e-03           5.14605332e-01           1.02436431e+00           3.13520558e-03
          -6.43983389e-01           5.81853628e-01           8.46580504e-03           2.66675779e-03           1.15842692e-03           2.30205095e+00          -4.62604285e-01           1.86658554e-03           5.25897973e-01           1.02419289e+00           3.19545090e-03
          -6.50522960e-01           5.86492777e-01           8.47220650e-03           2.65926252e-03           1.15519653e-03           2.30200010e+00          -4.69610171e-01           1.86952407e-03           5.36754558e-01           1.02401754e+00           3.25061493e-03
          -6.57005256e-01           5.91050863e-01           8.48339639e-03           2.65454817e-03           1.15298219e-03           2.30233232e+00          -4.76604729e-01           1.87260064e-03           5.49150191e-01           1.02383825e+00           3.30206831e-03
          -6.63433138e-01           5.95525801e-01           8.48949606e-03           2.64631421e-03           1.15035944e-03           2.30042377e+00          -4.83619409e-01           1.87622443e-03           5.69908875e-01           1.02365477e+00           3.36742612e-03
          -6.69798519e-01           5.99908769e-01           8.48202954e-03           2.63017516e-03           1.14582761e-03           2.29543705e+00          -4.90709778e-01           1.88090361e-03           5.94786716e-01           1.02346623e+00           3.45481438e-03
          -6.76092438e-01           6.04199350e-01           8.46860365e-03           2.61208729e-03           1.14024330e-03           2.29081574e+00          -4.97892647e-01           1.88645729e-03           6.15708400e-01           1.02327200e+00           3.54219357e-03
          -6.82318367e-01           6.08407438e-01           8.45993917e-03           2.59887712e-03           1.13533778e-03           2.28907834e+00          -5.05124367e-01           1.89230548e-03           6.30915452e-01           1.02307239e+00           3.61270036e-03
          -6.88484243e-01           6.12539232e-01           8.45475258e-03           2.58878964e-03           1.13124131e-03           2.28845040e+00          -5.12365629e-01           1.89832318e-03           6.46843614e-01           1.02286795e+00           3.67803902e-03
          -6.94590664e-01           6.16593242e-01           8.44677395e-03           2.57751047e-03           1.12706422e-03           2.28692422e+00          -5.19619998e-01           1.90479294e-03           6.66362737e-01           1.02265875e+00           3.75108655e-03
          -7.00634406e-01           6.20568037e-01           8.43491668e-03           2.56457648e-03           1.12248632e-03           2.28472849e+00          -5.26906779e-01           1.91182083e-03           6.86311936e-01           1.02275449e+00           3.82989537e-03
          -7.06614942e-01           6.24466002e-01           8.42120597e-03           2.55164570e-03           1.11774531e-03           2.28285073e+00          -5.34226171e-01           1.91938005e-03           7.05520376e-01           1.02253139e+00           3.90842983e-03
          -7.12533324e-01           6.28290117e-01           8.40706901e-03           2.53955566e-03           1.11309570e-03           2.28152500e+00          -5.41565449e-01           1.92740019e-03           7.23483634e-01           1.02230371e+00           3.98423093e-03
          -7.18390699e-01           6.32042825e-01           8.39303418e-03           2.52842022e-03           1.10866270e-03           2.28060367e+00          -5.48909779e-01           1.93583107e-03           7.40044201e-01           1.02207175e+00           4.05903502e-03
          -7.24188191e-01           6.35726452e-01           8.37932130e-03           2.51835812e-03           1.10447346e-03           2.28014363e+00          -5.56247827e-01           1.94467800e-03           7.55885837e-01           1.02183573e+00           4.13113863e-03
          -7.29927048e-01           6.39343321e-01           8.38157079e-03           2.52086380e-03           1.11238217e-03           2.26618502e+00          -5.63591873e-01           1.95250168e-03           7.70813139e-01           1.02159585e+00           4.19973828e-03
          -7.35609136e-01           6.42895997e-01           8.39881051e-03           2.51506553e-03           1.11034420e-03           2.26512241e+00          -5.70932136e-01           1.95926799e-03           7.85343039e-01           1.02135221e+00           4.26373115e-03
          -7.41237013e-01           6.46386445e-01           8.41604254e-03           2.51019478e-03           1.10864149e-03           2.26420785e+00          -5.78251884e-01           1.96627405e-03           8.00752613e-01           1.02110475e+00           4.32739224e-03
          -7.46811876e-01           6.49814963e-01           8.43092026e-03           2.50499238e-03           1.10695149e-03           2.26296492e+00          -5.85563412e-01           1.97364697e-03           8.20255958e-01           1.02085321e+00           4.39512205e-03
          -7.52334052e-01           6.53181315e-01           8.44184349e-03           2.49846979e-03           1.10496515e-03           2.26112995e+00          -5.92893647e-01           1.98148499e-03           8.43663477e-01           1.02059706e+00           4.46860011e-03
          -7.57803134e-01           6.56484842e-01           8.44718909e-03           2.48979609e-03           1.10240335e-03           2.25851644e+00          -6.00267957e-01           1.98986895e-03           8.71166470e-01           1.02033574e+00           4.55089582e-03
          -7.63217810e-01           6.59724534e-01           8.44536199e-03           2.47820357e-03           1.09896001e-03           2.25504435e+00          -6.07710083e-01           1.99891321e-03           9.02848228e-01           1.02006873e+00           4.64387608e-03
          -7.68575584e-01           6.62900031e-01           8.43702442e-03           2.46420531e-03           1.09464072e-03           2.25115444e+00          -6.15235706e-01           2.00860267e-03           9.35325451e-01           1.01979565e+00           4.74343456e-03
          -7.73875558e-01           6.66012943e-01           8.42419292e-03           2.44912644e-03           1.08974612e-03           2.24742846e+00          -6.22843605e-01           2.01880374e-03           9.67049691e-01           1.01951644e+00           4.84703803e-03
          -7.79117678e-01           6.69065416e-01           8.40861208e-03           2.43399052e-03           1.08452266e-03           2.24429659e+00          -6.30519883e-01           2.02939634e-03           9.96917694e-01           1.01923140e+00           4.94828648e-03
          -7.84302331e-01           6.72059655e-01           8.39156193e-03           2.41937734e-03           1.07921469e-03           2.24179429e+00          -6.38246718e-01           2.04026782e-03           1.02469815e+00           1.01894091e+00           5.04693533e-03
          -7.89430437e-01           6.74998164e-01           8.37436731e-03           2.40595697e-03           1.07406102e-03           2.24005612e+00          -6.46005377e-01           2.05129418e-03           1.04996803e+00           1.01864542e+00           5.14214396e-03
          -7.94503641e-01           6.77883387e-01           8.35752745e-03           2.39386943e-03           1.06915493e-03           2.23902950e+00          -6.53778881e-01           2.06242252e-03           1.07402913e+00           1.01834542e+00           5.23164488e-03
          -7.99523125e-01           6.80716813e-01           8.34068938e-03           2.38265119e-03           1.06448213e-03           2.23831957e+00          -6.61556598e-01           2.07364233e-03           1.09790050e+00           1.01804123e+00           5.31968271e-03
          -8.04489762e-01           6.83499694e-01           8.32362252e-03           2.37204773e-03           1.06001731e-03           2.23774433e+00          -6.69335611e-01           2.08493539e-03           1.12153923e+00           1.01773304e+00           5.40966673e-03
          -8.09404294e-01           6.86233222e-01           8.30609439e-03           2.36185390e-03           1.05568041e-03           2.23728117e+00          -6.77116025e-01           2.09633134e-03           1.14605642e+00           1.01742096e+00           5.49841660e-03
          -8.14267456e-01           6.88918531e-01           8.30370814e-03           2.35990346e-03           1.05985127e-03           2.22663645e+00          -6.84922595e-01           2.10634459e-03           1.17163588e+00           1.01710496e+00           5.58629040e-03
          -8.19079909e-01           6.91556632e-01           8.30920001e-03           2.35112328e-03           1.05663444e-03           2.22510566e+00          -6.92747899e-01           2.11550380e-03           1.19751302e+00           1.01708652e+00           5.67770459e-03
          -8.23842404e-01           6.94148540e-01           8.31277993e-03           2.34238342e-03           1.05339345e-03           2.22365481e+00          -7.00582118e-01           2.12472978e-03           1.22538201e+00           1.01676256e+00           5.76838115e-03
          -8.28555352e-01           6.96694910e-01           8.31396957e-03           2.33341474e-03           1.05005943e-03           2.22217398e+00          -7.08429425e-01           2.13405915e-03           1.25479523e+00           1.01643456e+00           5.86034979e-03
          -8.33219137e-01           6.99196398e-01           8.31267817e-03           2.32403848e-03           1.04663590e-03           2.22048421e+00          -7.16296452e-01           2.14348763e-03           1.28582758e+00           1.01610230e+00           5.95878091e-03
          -8.37833996e-01           7.01653659e-01           8.30856302e-03           2.31418604e-03           1.04302015e-03           2.21873568e+00          -7.24189932e-01           2.15307325e-03           1.31924106e+00           1.01576553e+00           6.06018540e-03
          -8.42399965e-01           7.04067171e-01           8.30120081e-03           2.30355844e-03           1.03911489e-03           2.21684673e+00          -7.32115046e-01           2.16288760e-03           1.35447548e+00           1.01542412e+00           6.16309650e-03
          -8.46916599e-01           7.06437349e-01           8.29070057e-03           2.29215533e-03           1.03492687e-03           2.21479931e+00          -7.40073432e-01           2.17292185e-03           1.38982744e+00           1.01507805e+00           6.27150829e-03
          -8.51383774e-01           7.08765387e-01           8.27793376e-03           2.28052612e-03           1.03058268e-03           2.21285119e+00          -7.48062253e-01           2.18311699e-03           1.42405109e+00           1.01472738e+00           6.38371282e-03
          -8.55801808e-01           7.11052775e-01           8.26382467e-03           2.26913534e-03           1.02617417e-03           2.21125751e+00          -7.56071983e-01           2.19342828e-03           1.45660002e+00           1.01437240e+00           6.49242706e-03
          -8.60171313e-01           7.13301063e-01           8.24910130e-03           2.25835305e-03           1.02182711e-03           2.21011267e+00          -7.64089339e-01           2.20380124e-03           1.48653821e+00           1.01401358e+00           6.59638204e-03
          -8.64493087e-01           7.15511858e-01           8.23475760e-03           2.24857157e-03           1.01769927e-03           2.20946565e+00          -7.72101269e-01           2.21411920e-03           1.51334324e+00           1.01365139e+00           6.69720428e-03
          -8.68768167e-01           7.17686772e-01           8.22154317e-03           2.24012119e-03           1.01392743e-03           2.20935061e+00          -7.80096187e-01           2.22428743e-03           1.53837855e+00           1.01328614e+00           6.79221928e-03
          -8.72998388e-01           7.19827533e-01           8.20970741e-03           2.23306641e-03           1.01051744e-03           2.20982471e+00          -7.88065785e-01           2.23429705e-03           1.56299092e+00           1.01291817e+00           6.87706399e-03
          -8.77185138e-01           7.21934617e-01           8.19823014e-03           2.22666949e-03           1.00738631e-03           2.21034322e+00          -7.96009465e-01           2.24417420e-03           1.58976874e+00           1.01254743e+00           6.96302399e-03
          -8.81329064e-01           7.24008143e-01           8.18630649e-03           2.22028508e-03           1.00439004e-03           2.21058055e+00          -8.03938908e-01           2.25396854e-03           1.62025808e+00           1.01217353e+00           7.05403763e-03
          -8.85430571e-01           7.26048052e-01           8.17290874e-03           2.21337769e-03           1.00133895e-03           2.21041806e+00          -8.11870188e-01           2.26379279e-03           1.65631843e+00           1.01179589e+00           7.15139494e-03
          -8.89489615e-01           7.28054047e-01           8.17313012e-03           2.21105801e-03           1.00411764e-03           2.20199101e+00          -8.19847073e-01           2.27223111e-03           1.69825698e+00           1.01141377e+00           7.25695091e-03
          -8.93506033e-01           7.30025947e-01           8.17481854e-03           2.20225630e-03           1.00109711e-03           2.19984282e+00          -8.27869397e-01           2.28036741e-03           1.74471666e+00           1.01102656e+00           7.37336917e-03
          -8.97478816e-01           7.31963277e-01           8.17095068e-03           2.19164878e-03           9.97518367e-04           2.19710118e+00          -8.35938150e-01           2.28891054e-03           1.79511228e+00           1.01063373e+00           7.50438370e-03
          -9.01406791e-01           7.33866453e-01           8.16243876e-03           2.17974284e-03           9.93425743e-04           2.19416787e+00          -8.44061435e-01           2.29783491e-03           1.84579371e+00           1.01023496e+00           7.64069667e-03
          -9.05289808e-01           7.35736847e-01           8.15077122e-03           2.16747363e-03           9.89007913e-04           2.19156348e+00          -8.52233029e-01           2.30705475e-03           1.89383492e+00           1.01021003e+00           7.77560645e-03
          -9.09128037e-01           7.37575710e-01           8.13716139e-03           2.15530475e-03           9.84433981e-04           2.18938476e+00          -8.60437741e-01           2.31644448e-03           1.93850333e+00           1.00980123e+00           7.90843175e-03
          -9.12921854e-01           7.39384472e-01           8.12274744e-03           2.14370021e-03           9.79878755e-04           2.18771986e+00          -8.68657974e-01           2.32587267e-03           1.97793456e+00           1.00938805e+00           8.03612567e-03
          -9.16671942e-01           7.41164684e-01           8.10873474e-03           2.13315742e-03           9.75518040e-04           2.18669193e+00          -8.76874010e-01           2.33520349e-03           2.01222511e+00           1.00897142e+00           8.15651722e-03
          -9.20379157e-01           7.42917776e-01           8.09586741e-03           2.12397886e-03           9.71481842e-04           2.18632893e+00          -8.85066614e-01           2.34433190e-03           2.04257541e+00           1.00855231e+00           8.26880166e-03
          -9.24044921e-01           7.44645059e-01           8.08428974e-03           2.11610479e-03           9.67793150e-04           2.18652590e+00          -8.93220211e-01           2.35324464e-03           2.07003091e+00           1.00813139e+00           8.36987344e-03
          -9.27670216e-01           7.46347308e-01           8.07366405e-03           2.10927330e-03           9.64438940e-04           2.18704701e+00          -9.01325053e-01           2.36194309e-03           2.09620356e+00           1.00770920e+00           8.46683369e-03
          -9.31255780e-01           7.48025000e-01           8.06366185e-03           2.10316785e-03           9.61367677e-04           2.18768313e+00          -9.09377369e-01           2.37045213e-03           2.12246033e+00           1.00728598e+00           8.56246964e-03
          -9.34802187e-01           7.49678492e-01           8.05373668e-03           2.09745409e-03           9.58494872e-04           2.18827888e+00          -9.17378651e-01           2.37882591e-03           2.14917130e+00           1.00686173e+00           8.65864320e-03
          -9.38309990e-01           7.51308322e-01           8.04385402e-03           2.09213113e-03           9.55787715e-04           2.18890774e+00          -9.25331810e-01           2.38709183e-03           2.17738955e+00           1.00643639e+00           8.75247476e-03
          -9.41779574e-01           7.52914727e-01           8.03369047e-03           2.08698821e-03           9.53201359e-04           2.18945157e+00          -9.33239540e-01           2.39528711e-03           2.20669236e+00           1.00600983e+00           8.84897102e-03
          -9.45211382e-01           7.54498065e-01           8.02310592e-03           2.08193417e-03           9.50692060e-04           2.18991433e+00          -9.41108475e-01           2.40342869e-03           2.23769218e+00           1.00558188e+00           8.94610016e-03
          -9.48605855e-01           7.56058752e-01           8.01199657e-03           2.07696241e-03           9.48227445e-04           2.19036311e+00          -9.48941198e-01           2.41157861e-03           2.27096852e+00           1.00515229e+00           9.04131222e-03
          -9.51963245e-01           7.57596910e-01           8.00016967e-03           2.07189000e-03           9.45772496e-04           2.19068541e+00          -9.56743746e-01           2.41971019e-03           2.30513045e+00           1.00472085e+00           9.13976535e-03
          -9.55283858e-01           7.59112894e-01           7.98986768e-03           2.07046086e-03           9.47361886e-04           2.18550154e+00          -9.64524237e-01           2.42763179e-03           2.34209146e+00           1.00428733e+00           9.24111032e-03
          -9.58567920e-01           7.60606825e-01           7.99494924e-03           2.06556482e-03           9.45378428e-04           2.18490793e+00          -9.72311608e-01           2.43389653e-03           2.38108868e+00           1.00385144e+00           9.34688622e-03
          -9.61815603e-01           7.62078881e-01           7.99812665e-03           2.06035984e-03           9.43298803e-04           2.18420700e+00          -9.80083095e-01           2.44021648e-03           2.42267504e+00           1.00341290e+00           9.45401019e-03
          -9.65027079e-01           7.63529360e-01           7.99935611e-03           2.05488922e-03           9.41124068e-04           2.18344136e+00          -9.87843388e-01           2.44660401e-03           2.46708913e+00           1.00297140e+00           9.56263663e-03
          -9.68202438e-01           7.64958322e-01           7.99858384e-03           2.04902340e-03           9.38837862e-04           2.18251040e+00          -9.95597581e-01           2.45306004e-03           2.51323124e+00           1.00252671e+00           9.68006481e-03
          -9.71341692e-01           7.66366005e-01           7.99583052e-03           2.04279022e-03           9.36412029e-04           2.18150788e+00          -1.00334989e+00           2.45961265e-03           2.56230382e+00           1.00207856e+00           9.79685509e-03
          -9.74444931e-01           7.67752588e-01           7.99108045e-03           2.03613318e-03           9.33827965e-04           2.18041573e+00          -1.01110435e+00           2.46626293e-03           2.61314455e+00           1.00162673e+00           9.91730776e-03
          -9.77512218e-01           7.69118428e-01           7.98450546e-03           2.02921300e-03           9.31119446e-04           2.17932620e+00          -1.01886169e+00           2.47302652e-03           2.66556195e+00           1.00117111e+00           1.00408265e-02
          -9.80543669e-01           7.70463705e-01           7.97608700e-03           2.02191807e-03           9.28281151e-04           2.17813113e+00          -1.02662440e+00           2.47987739e-03           2.71996951e+00           1.00071160e+00           1.01705452e-02
          -9.83539263e-01           7.71788657e-01           7.96579052e-03           2.01423978e-03           9.25281467e-04           2.17689411e+00          -1.03439269e+00           2.48687809e-03           2.77629399e+00           1.00024813e+00           1.03027118e-02
          -9.86499087e-01           7.73093522e-01           7.95354686e-03           2.00615688e-03           9.22105265e-04           2.17562675e+00          -1.04216659e+00           2.49403091e-03           2.83374800e+00           9.99780674e-01           1.04362782e-02
          -9.89423067e-01           7.74378478e-01           7.93933918e-03           1.99759385e-03           9.18773137e-04           2.17419706e+00          -1.04994394e+00           2.50136805e-03           2.89177347e+00           9.99309366e-01           1.05823502e-02
          -9.92310887e-01           7.75643706e-01           7.92318913e-03           1.98858926e-03           9.15235676e-04           2.17276196e+00          -1.05772276e+00           2.50890779e-03           2.94871098e+00           9.98834425e-01           1.07275083e-02
          -9.95162439e-01           7.76889801e-01           7.90577360e-03           1.97942764e-03           9.11570155e-04           2.17144850e+00          -1.06549836e+00           2.51659614e-03           3.00228255e+00           9.98356243e-01           1.08696469e-02
          -9.97977931e-01           7.78117538e-01           7.88782791e-03           1.97057047e-03           9.07908868e-04           2.17044964e+00          -1.07325959e+00           2.52434302e-03           3.05067797e+00           9.97875579e-01           1.10139579e-02
          -1.00075765e+00           7.79327631e-01           7.86991046e-03           1.96218742e-03           9.04309866e-04           2.16981755e+00          -1.08099267e+00           2.53207271e-03           3.09347065e+00           9.97393388e-01           1.11491536e-02
          -1.00350194e+00           7.80520797e-01           7.85259754e-03           1.95450188e-03           9.00848600e-04           2.16962304e+00          -1.08868409e+00           2.53970030e-03           3.12973169e+00           9.96910573e-01           1.12711317e-02
          -1.00621137e+00           7.81697810e-01           7.83645597e-03           1.94775865e-03           8.97626503e-04           2.16989878e+00          -1.09632071e+00           2.54712552e-03           3.15934563e+00           9.96428076e-01           1.13884605e-02
          -1.00888652e+00           7.82859445e-01           7.82208564e-03           1.94216902e-03           8.94715446e-04           2.17071140e+00          -1.10389122e+00           2.55423260e-03           3.18305782e+00           9.95946740e-01           1.14861836e-02
          -1.01152823e+00           7.84006417e-01           7.80986670e-03           1.93789274e-03           8.92194525e-04           2.17205182e+00          -1.11138536e+00           2.56095065e-03           3.20313223e+00           9.95467213e-01           1.15731668e-02
          -1.01413767e+00           7.85139322e-01           7.79957678e-03           1.93479262e-03           8.90056008e-04           2.17378749e+00          -1.11879513e+00           2.56728679e-03           3.22316389e+00           9.94989955e-01           1.16505501e-02
          -1.01671554e+00           7.86258042e-01           7.79045064e-03           1.93229542e-03           8.88193517e-04           2.17553425e+00          -1.12612033e+00           2.57331691e-03           3.24574396e+00           9.94514885e-01           1.17235550e-02
          -1.01926225e+00           7.87362456e-01           7.78193588e-03           1.93003569e-03           8.86523627e-04           2.17708319e+00          -1.13337138e+00           2.57908499e-03           3.27354837e+00           9.94041476e-01           1.18012636e-02
          -1.02177803e+00           7.88452327e-01           7.78543912e-03           1.93045438e-03           8.87980081e-04           2.17398387e+00          -1.14057614e+00           2.58341718e-03           3.30872433e+00           9.93569020e-01           1.18861452e-02
          -1.02426304e+00           7.89527476e-01           7.78860995e-03           1.92791278e-03           8.86620847e-04           2.17445009e+00          -1.14772917e+00           2.58765807e-03           3.35141702e+00           9.93096689e-01           1.19773724e-02
          -1.02671737e+00           7.90587664e-01           7.78948447e-03           1.92468674e-03           8.85119397e-04           2.17449391e+00          -1.15483989e+00           2.59209195e-03           3.40223636e+00           9.92623592e-01           1.20833231e-02
          -1.02914092e+00           7.91632593e-01           7.78743529e-03           1.92048820e-03           8.83363786e-04           2.17406263e+00          -1.16191691e+00           2.59684542e-03           3.45941961e+00           9.92149126e-01           1.21986008e-02
          -1.03153333e+00           7.92661905e-01           7.78210630e-03           1.91504880e-03           8.81296607e-04           2.17299010e+00          -1.16897161e+00           2.60198586e-03           3.52003637e+00           9.91672582e-01           1.23325414e-02
          -1.03389405e+00           7.93675721e-01           7.77396500e-03           1.90874374e-03           8.78947639e-04           2.17162395e+00          -1.17601144e+00           2.60750485e-03           3.58245552e+00           9.91193728e-01           1.24816638e-02
          -1.03622296e+00           7.94674456e-01           7.76371394e-03           1.90189707e-03           8.76368430e-04           2.17020262e+00          -1.18303675e+00           2.61334306e-03           3.64232111e+00           9.90712765e-01           1.26311738e-02
          -1.03852020e+00           7.95658708e-01           7.75204446e-03           1.89490666e-03           8.73620085e-04           2.16902827e+00          -1.19003954e+00           2.61946070e-03           3.69720034e+00           9.90230217e-01           1.27685084e-02
          -1.04078604e+00           7.96629012e-01           7.73981477e-03           1.88808598e-03           8.70844913e-04           2.16810818e+00          -1.19701143e+00           2.62570170e-03           3.74477555e+00           9.89746882e-01           1.29080721e-02
          -1.04302084e+00           7.97586024e-01           7.72774332e-03           1.88174709e-03           8.68129566e-04           2.16758784e+00          -1.20393989e+00           2.63196737e-03           3.78507925e+00           9.89263737e-01           1.30386374e-02
          -1.04522508e+00           7.98530281e-01           7.71645841e-03           1.87603080e-03           8.65543343e-04           2.16746026e+00          -1.21081438e+00           2.63813029e-03           3.81722103e+00           9.88781728e-01           1.31547154e-02
          -1.04739939e+00           7.99462497e-01           7.70663623e-03           1.87124564e-03           8.63178574e-04           2.16785460e+00          -1.21762543e+00           2.64408240e-03           3.84191204e+00           9.88301639e-01           1.32587406e-02
          -1.04954446e+00           8.00383270e-01           7.69873043e-03           1.86756265e-03           8.61076355e-04           2.16886997e+00          -1.22436060e+00           2.64974344e-03           3.86043546e+00           9.87824388e-01           1.33362876e-02
          -1.05166131e+00           8.01293075e-01           7.69277200e-03           1.86487946e-03           8.59289885e-04           2.17025650e+00          -1.23101142e+00           2.65506164e-03           3.87441757e+00           9.87350550e-01           1.34026203e-02
          -1.05375074e+00           8.02192152e-01           7.68855048e-03           1.86306623e-03           8.57817931e-04           2.17186674e+00          -1.23757267e+00           2.66005221e-03           3.88833839e+00           9.86483536e-01           1.34738128e-02
          -1.05581328e+00           8.03080440e-01           7.68556490e-03           1.86170186e-03           8.56567204e-04           2.17344518e+00          -1.24404642e+00           2.66475017e-03           3.90356841e+00           9.86017912e-01           1.35346942e-02
          -1.05784952e+00           8.03958058e-01           7.68342257e-03           1.86063183e-03           8.55475670e-04           2.17496756e+00          -1.25043789e+00           2.66924877e-03           3.92221613e+00           9.85555526e-01           1.35926382e-02
          -1.05985983e+00           8.04824948e-01           7.68174818e-03           1.85971701e-03           8.54518200e-04           2.17633400e+00          -1.25675431e+00           2.67359436e-03           3.94568759e+00           9.85095871e-01           1.36636225e-02
          -1.06184473e+00           8.05681229e-01           7.68023092e-03           1.85877173e-03           8.53607145e-04           2.17754940e+00          -1.26300218e+00           2.67788004e-03           3.97403569e+00           9.84638478e-01           1.37240592e-02
          -1.06380457e+00           8.06526780e-01           7.67850774e-03           1.85762108e-03           8.52711417e-04           2.17848740e+00          -1.26919031e+00           2.68214765e-03           4.00788040e+00           9.84182816e-01           1.37937259e-02
          -1.06573980e+00           8.07361782e-01           7.67651438e-03           1.85629301e-03           8.51810718e-04           2.17923181e+00          -1.27532725e+00           2.68643647e-03           4.04711412e+00           9.83728338e-01           1.38706371e-02
          -1.06765075e+00           8.08186114e-01           7.67390858e-03           1.85454847e-03           8.50865276e-04           2.17960295e+00          -1.28142141e+00           2.69079759e-03           4.09260536e+00           9.83274387e-01           1.39579999e-02
          -1.06953784e+00           8.09000015e-01           7.67067521e-03           1.85245449e-03           8.49850213e-04           2.17974234e+00          -1.28748202e+00           2.69527003e-03           4.14351574e+00           9.82820393e-01           1.40503309e-02
          -1.07140139e+00           8.09803486e-01           7.66664009e-03           1.84995323e-03           8.48741809e-04           2.17964192e+00          -1.29351513e+00           2.69989884e-03           4.20071131e+00           9.82365861e-01           1.41512398e-02
          -1.07324189e+00           8.10596704e-01           7.66165662e-03           1.84700160e-03           8.47513649e-04           2.17931783e+00          -1.29952879e+00           2.70473114e-03           4.26341102e+00           9.81910224e-01           1.42565678e-02
          -1.07505973e+00           8.11379790e-01           7.65558426e-03           1.84356757e-03           8.46137889e-04           2.17880276e+00          -1.30552800e+00           2.70982200e-03           4.33148922e+00           9.81453040e-01           1.43638084e-02
          -1.07685535e+00           8.12152862e-01           7.64833374e-03           1.83960224e-03           8.44612150e-04           2.17804378e+00          -1.31151815e+00           2.71519918e-03           4.40471315e+00           9.80993964e-01           1.44864722e-02
          -1.07862920e+00           8.12916040e-01           7.63966686e-03           1.83500316e-03           8.42905775e-04           2.17699678e+00          -1.31750526e+00           2.72092164e-03           4.48182431e+00           9.80532507e-01           1.46176769e-02
          -1.08038178e+00           8.13669622e-01           7.62960001e-03           1.82984781e-03           8.41005894e-04           2.17578477e+00          -1.32349182e+00           2.72703055e-03           4.56315502e+00           9.80068496e-01           1.47549366e-02
          -1.08211342e+00           8.14413607e-01           7.61776946e-03           1.82396212e-03           8.38884886e-04           2.17426986e+00          -1.32947800e+00           2.73359537e-03           4.64595564e+00           9.79601812e-01           1.49113457e-02
          -1.08382438e+00           8.15148175e-01           7.60437027e-03           1.81734930e-03           8.36533393e-04           2.17247669e+00          -1.33547204e+00           2.74059385e-03           4.72922465e+00           9.79132147e-01           1.50732619e-02
          -1.08551505e+00           8.15873802e-01           7.58970104e-03           1.81028996e-03           8.33976547e-04           2.17067251e+00          -1.34147598e+00           2.74801181e-03           4.80968730e+00           9.78659563e-01           1.52372703e-02
          -1.08718603e+00           8.16591024e-01           7.57422321e-03           1.80302746e-03           8.31283096e-04           2.16896923e+00          -1.34748814e+00           2.75579772e-03           4.88543453e+00           9.78184294e-01           1.54000783e-02
          -1.08883801e+00           8.17300498e-01           7.55845308e-03           1.79585494e-03           8.28524899e-04           2.16753286e+00          -1.35350453e+00           2.76387328e-03           4.95455187e+00           9.77706743e-01           1.55573567e-02
          -1.09047179e+00           8.18002820e-01           7.54281250e-03           1.78895811e-03           8.25777291e-04           2.16639296e+00          -1.35951971e+00           2.77216716e-03           5.01630644e+00           9.77227359e-01           1.57129478e-02
          -1.09208831e+00           8.18698704e-01           7.52781984e-03           1.78254169e-03           8.23081826e-04           2.16569196e+00          -1.36552692e+00           2.78059580e-03           5.07002011e+00           9.76746669e-01           1.58472145e-02
          -1.09368851e+00           8.19388688e-01           7.51379957e-03           1.77666107e-03           8.20494450e-04           2.16535416e+00          -1.37152312e+00           2.78906345e-03           5.11629344e+00           9.76265021e-01           1.59669100e-02
          -1.09527351e+00           8.20073605e-01           7.50140140e-03           1.77166325e-03           8.18113719e-04           2.16554644e+00          -1.37750806e+00           2.79746611e-03           5.15676253e+00           9.75782564e-01           1.60739156e-02
          -1.09684457e+00           8.20754170e-01           7.49087152e-03           1.76765049e-03           8.15995002e-04           2.16625161e+00          -1.38347781e+00           2.80575885e-03           5.19414816e+00           9.75299478e-01           1.61696401e-02
          -1.09840320e+00           8.21431160e-01           7.48213746e-03           1.76463444e-03           8.14111862e-04           2.16755771e+00          -1.38942277e+00           2.81401758e-03           5.23168412e+00           9.74816042e-01           1.62282909e-02
          -1.09995083e+00           8.22104752e-01           7.47448222e-03           1.76216773e-03           8.12417015e-04           2.16904336e+00          -1.39534217e+00           2.82232227e-03           5.27320156e+00           9.74332130e-01           1.62863889e-02
          -1.10148860e+00           8.22775185e-01           7.46747924e-03           1.75991017e-03           8.10875893e-04           2.17038166e+00          -1.40124877e+00           2.83075013e-03           5.32299232e+00           9.73846826e-01           1.63601335e-02
          -1.10301767e+00           8.23442697e-01           7.46045809e-03           1.75759365e-03           8.09371714e-04           2.17155309e+00          -1.40715152e+00           2.83946468e-03           5.38250297e+00           9.73359312e-01           1.64267851e-02
          -1.10453908e+00           8.24107408e-01           7.45265058e-03           1.75488950e-03           8.07837984e-04           2.17232854e+00          -1.41306259e+00           2.84864583e-03           5.45547979e+00           9.72868606e-01           1.65183115e-02
          -1.10605388e+00           8.24769497e-01           7.44327595e-03           1.75150603e-03           8.06178257e-04           2.17260391e+00          -1.41899484e+00           2.85851194e-03           5.54254504e+00           9.72373526e-01           1.66328730e-02
          -1.10756297e+00           8.25429022e-01           7.43146184e-03           1.74707237e-03           8.04275314e-04           2.17223175e+00          -1.42496255e+00           2.86929129e-03           5.64303179e+00           9.71872879e-01           1.67696498e-02
          -1.10906732e+00           8.26086223e-01           7.41652634e-03           1.74139897e-03           8.02036788e-04           2.17122082e+00          -1.43097869e+00           2.88121195e-03           5.75606290e+00           9.71365575e-01           1.69369322e-02
          -1.11056758e+00           8.26741099e-01           7.39787145e-03           1.73417223e-03           7.99392730e-04           2.16936202e+00          -1.43706303e+00           2.89443377e-03           5.87755523e+00           9.70850298e-01           1.71407231e-02
          -1.11206418e+00           8.27394128e-01           7.37591559e-03           1.72567441e-03           7.96357519e-04           2.16695940e+00          -1.44324484e+00           2.90898734e-03           6.00453964e+00           9.70325542e-01           1.73711864e-02
          -1.11355828e+00           8.28046381e-01           7.35129995e-03           1.71648492e-03           7.92980900e-04           2.16459806e+00          -1.44953684e+00           2.92492668e-03           6.13097215e+00           9.69790548e-01           1.75998527e-02
          -1.11505116e+00           8.28698874e-01           7.32466629e-03           1.70696911e-03           7.89362725e-04           2.16246480e+00          -1.45594338e+00           2.94226320e-03           6.25412463e+00           9.69245012e-01           1.78232021e-02
          -1.11654440e+00           8.29352796e-01           7.29695602e-03           1.69759217e-03           7.85637402e-04           2.16078329e+00          -1.46247026e+00           2.96093432e-03           6.37097224e+00           9.68941517e-01           1.80382515e-02
          -1.11803971e+00           8.30009341e-01           7.26913591e-03           1.68870797e-03           7.81933459e-04           2.15965687e+00          -1.46912660e+00           2.98087203e-03           6.48358779e+00           9.68365394e-01           1.82444800e-02
          -1.11953918e+00           8.30670059e-01           7.24234083e-03           1.68082879e-03           7.78373250e-04           2.15941232e+00          -1.47592023e+00           3.00204978e-03           6.59557572e+00           9.67776993e-01           1.84075744e-02
          -1.12104513e+00           8.31336379e-01           7.21694889e-03           1.67426685e-03           7.75043416e-04           2.16022330e+00          -1.48284873e+00           3.02464237e-03           6.71269020e+00           9.67175817e-01           1.85378368e-02
          -1.12256104e+00           8.32009852e-01           7.19257496e-03           1.66753397e-03           7.70483930e-04           2.16426833e+00          -1.48990652e+00           3.04903962e-03           6.84878675e+00           9.66561076e-01           1.86410192e-02
          -1.12408968e+00           8.32690895e-01           7.17715651e-03           1.66233972e-03           7.67575437e-04           2.16570208e+00          -1.49709694e+00           3.07457117e-03           7.01069986e+00           9.65931125e-01           1.87560360e-02
          -1.12563325e+00           8.33379448e-01           7.15798396e-03           1.65600978e-03           7.64398577e-04           2.16642185e+00          -1.50444793e+00           3.10353908e-03           7.21481159e+00           9.65282884e-01           1.89188304e-02
          -1.12719364e+00           8.34075272e-01           7.13219530e-03           1.64720136e-03           7.60607290e-04           2.16563972e+00          -1.51199730e+00           3.13711621e-03           7.46711574e+00           9.64612228e-01           1.91627868e-02
          -1.12877235e+00           8.34778011e-01           7.09654483e-03           1.63466406e-03           7.55742570e-04           2.16299058e+00          -1.51977507e+00           3.17682143e-03           7.76651366e+00           9.63915324e-01           1.95125676e-02
          -1.13036994e+00           8.35486591e-01           7.04793061e-03           1.61678760e-03           7.49389331e-04           2.15747347e+00          -1.52784578e+00           3.22419855e-03           8.11128059e+00           9.63413446e-01           2.00227781e-02
          -1.13198471e+00           8.36200416e-01           6.98581174e-03           1.59351418e-03           7.41366309e-04           2.14942892e+00          -1.53634664e+00           3.28069128e-03           8.47910943e+00           9.62629511e-01           2.06852563e-02
          -1.13361616e+00           8.36921632e-01           6.91325265e-03           1.56712568e-03           7.31864724e-04           2.14127779e+00          -1.54541246e+00           3.34766290e-03           8.86263304e+00           9.61799791e-01           2.13875999e-02
          -1.13526572e+00           8.37653995e-01           6.83340585e-03           1.54026995e-03           7.21472819e-04           2.13489671e+00          -1.55508525e+00           3.42709675e-03           9.23913445e+00           9.60921579e-01           2.20569449e-02
          -1.13693599e+00           8.38401794e-01           6.74967101e-03           1.51571120e-03           7.10814942e-04           2.13235697e+00          -1.56536427e+00           3.52163179e-03           9.61579793e+00           9.59994949e-01           2.26033110e-02
          -1.13863281e+00           8.39170515e-01           6.65965166e-03           1.49489640e-03           7.00070137e-04           2.13535233e+00          -1.57598171e+00           3.63679545e-03           1.00130947e+01           9.59209618e-01           2.29712511e-02
          -1.14036657e+00           8.39959920e-01           6.54501640e-03           1.47050346e-03           6.87493905e-04           2.13893309e+00          -1.58645321e+00           3.78224384e-03           1.03792350e+01           9.58182590e-01           2.34749612e-02
          -1.14213323e+00           8.40755999e-01           6.38473868e-03           1.42676637e-03           6.69698713e-04           2.13046007e+00          -1.59623234e+00           3.96812963e-03           1.06131612e+01           9.57138530e-01           2.48185293e-02
          -1.14714545e+00           8.43019486e-01           5.95158736e-03           1.23810501e-03           6.01027482e-04           2.05998070e+00          -1.62992623e+00           4.75432503e-03           6.40427321e+00           9.54344111e-01           3.16792241e-02
          -1.14839904e+00           8.43703687e-01           6.10451515e-03           1.30509624e-03           6.14690964e-04           2.12317460e+00          -1.63043593e+00           5.00270132e-03           3.38000125e+00           9.54294575e-01           2.70593996e-02
          -1.14947086e+00           8.44383478e-01           6.42410409e-03           1.48171666e-03           6.52563459e-04           2.27060931e+00          -1.60876448e+00           5.22514000e-03           1.92515992e+00           9.54269409e-01           1.82026888e-02
          -1.15044802e+00           8.45088244e-01           6.90726215e-03           1.77226231e-03           7.05118652e-04           2.51342424e+00          -1.57097578e+00           5.43053727e-03           1.40067646e+00           9.54173469e-01           9.16072556e-03
          -1.15136721e+00           8.45804930e-01           7.42699664e-03           2.13998248e-03           7.57168054e-04           2.82629790e+00          -1.53333160e+00           5.64442662e-03           1.66379373e+00           9.54153217e-01           3.26926754e-03
          -1.15221414e+00           8.46498787e-01           8.03517668e-03           2.57310991e-03           8.10740703e-04           3.17377665e+00          -1.48376394e+00           5.92453933e-03           2.15464620e+00           9.54128858e-01           1.16980359e-04
          -1.15296480e+00           8.47153842e-01           8.99517054e-03           3.17438837e-03           8.92973539e-04           3.55485155e+00          -1.39204294e+00           6.32412745e-03           3.40673345e+00           9.53911182e-01          -1.56003167e-03
          -1.15366698e+00           8.47810268e-01           1.03505039e-02           4.04112279e-03           1.00326492e-03           4.02797177e+00          -1.27014523e+00           7.07785017e-03           4.95030672e+00           9.53831128e-01          -2.05872638e-03
          -1.15439343e+00           8.48514736e-01           1.16736645e-02           5.03416756e-03           1.09104426e-03           4.61408187e+00          -1.18883592e+00           8.01598955e-03           5.74973787e+00           9.53783823e-01          -1.83496966e-03
          -1.15514294e+00           8.49249482e-01           1.26450506e-02           6.00275235e-03           1.14372235e-03           5.24843496e+00          -1.14695776e+00           9.06888068e-03           6.16995193e+00           9.53849040e-01          -1.46855754e-03
          -1.15585912e+00           8.49956036e-01           1.39750592e-02           7.08729367e-03           1.20261973e-03           5.89321254e+00          -1.09473622e+00           1.07220016e-02           6.29464052e+00           9.54002282e-01          -1.17485196e-03
          -1.15653548e+00           8.50628912e-01           1.57257678e-02           8.51232277e-03           1.29663868e-03           6.56491507e+00          -1.01495343e+00           1.37431999e-02           6.55606375e+00           9.54305076e-01          -9.25817804e-04
          -1.15718896e+00           8.51282179e-01           1.79263024e-02           1.03054423e-02           1.42706749e-03           7.22141199e+00          -9.51027633e-01           1.92462609e-02           7.09572115e+00           9.54711285e-01          -6.50535659e-04
          -1.15782678e+00           8.51919293e-01           2.09489023e-02           1.24563404e-02           1.64461739e-03           7.57400502e+00          -1.04054310e+00           2.84547040e-02           7.62142064e+00           9.54585973e-01          -3.16084449e-04
          -1.15845120e+00           8.52539420e-01           2.47046378e-02           1.50769137e-02           1.91651236e-03           7.86684919e+00          -1.10505630e+00           4.37006833e-02           8.19012358e+00           9.51863198e-01           9.93560782e-05
          -1.15906279e+00           8.53140533e-01           2.94461617e-02           1.82846081e-02           2.27203036e-03           8.04769531e+00          -1.13365250e+00           6.72733826e-02           9.08611232e+00           9.47259717e-01           5.66064205e-04
          -1.15966035e+00           8.53718758e-01           3.60571086e-02           2.21508061e-02           2.71982593e-03           8.14419991e+00          -1.10162192e+00           1.03441996e-01           1.03538349e+01           9.42753151e-01           1.03514861e-03
          -1.16024504e+00           8.54272127e-01           4.30536635e-02           2.66350996e-02           3.10219640e-03           8.58588439e+00          -1.00121788e+00           1.53062449e-01           1.19370194e+01           9.39122104e-01           1.42685024e-03
          -1.16081916e+00           8.54799330e-01           4.74965407e-02           3.09500674e-02           2.78415671e-03           1.11164962e+01          -8.25854162e-01           2.00279301e-01           1.02397303e+01           9.37038070e-01           1.65079935e-03
          -1.16138706e+00           8.55300427e-01           5.09131561e-02           3.60215944e-02           1.62998984e-03           2.20992755e+01          -6.55965647e-01           2.13523874e-01           5.22350808e+00           9.35683988e-01           1.63075823e-03
          -1.16195646e+00           8.55779111e-01           5.06203633e-02           4.06785502e-02          -1.11510760e-03          -3.64794843e+01          -5.00532964e-01           2.12745318e-01           1.45328305e+00           9.34913421e-01           1.35342343e-03
          -1.16253090e+00           8.56236398e-01           5.04404635e-02           4.42014027e-02          -3.56134530e-03          -1.24114342e+01          -4.19542851e-01           2.08706591e-01          -3.71125908e-01           9.34658008e-01           8.39859953e-04
          -1.16311251e+00           8.56671929e-01           5.03296725e-02           4.44100902e-02          -2.87303363e-03          -1.54575602e+01          -4.24375809e-01           2.11792347e-01          -2.11325558e-01           9.34653820e-01           1.13594889e-04
          -1.16370395e+00           8.57085764e-01           5.03176679e-02           4.17034763e-02          -7.91371282e-05          -5.26977377e+02          -4.91132543e-01           2.15724424e-01           1.25979882e+00           9.34660287e-01          -7.56165210e-04
          -1.16430890e+00           8.57479811e-01           5.03511186e-02           3.86268696e-02           2.42770537e-03           1.59108556e+01          -6.00448297e-01           2.13273038e-01           2.65568680e+00           9.34722873e-01          -1.67262000e-03
          -1.16492831e+00           8.57855320e-01           5.04378719e-02           3.61484101e-02           3.96193902e-03           9.12391884e+00          -7.20206140e-01           2.04602514e-01           3.44126528e+00           9.34616084e-01          -2.57091273e-03
          -1.16556025e+00           8.58212829e-01           5.05577963e-02           3.42707143e-02           4.87750470e-03           7.02628012e+00          -8.42167968e-01           1.91665681e-01           3.93731062e+00           9.34579928e-01          -3.46308600e-03
          -1.16619458e+00           8.58546197e-01           5.07273194e-02           3.27108996e-02           5.46731712e-03           5.98298927e+00          -9.74959330e-01           1.73994736e-01           4.18893305e+00           9.34374888e-01          -4.44196049e-03
          -1.16682627e+00           8.58847261e-01           5.09744414e-02           3.13642068e-02           5.84740552e-03           5.36378172e+00          -1.12190630e+00           1.50114394e-01           4.40531098e+00           9.34134526e-01          -5.48795413e-03
          -1.16745522e+00           8.59109759e-01           5.13435678e-02           3.02041266e-02           6.05565447e-03           4.98775594e+00          -1.27049335e+00           1.20890929e-01           4.55385222e+00           9.33895698e-01          -6.44075193e-03
          -1.16808479e+00           8.59328747e-01           5.18676776e-02           2.91353201e-02           6.10646517e-03           4.77122514e+00          -1.39849004e+00           9.06352823e-02           4.55379523e+00           9.33697880e-01          -7.07758778e-03
          -1.16872066e+00           8.59501362e-01           5.25781219e-02           2.81364484e-02           6.04318989e-03           4.65589348e+00          -1.49123612e+00           6.42342832e-02           4.54252076e+00           9.33658013e-01          -7.22265171e-03
          -1.16936657e+00           8.59623671e-01           4.94902837e-02           2.65180595e-02           5.57528438e-03           4.75635999e+00          -1.50685220e+00           5.64434339e-02           4.74231598e+00           9.33558149e-01          -6.82298004e-03
          -1.17002836e+00           8.59689713e-01           4.65509024e-02           2.52199058e-02           5.15637262e-03           4.89101694e+00          -1.49800716e+00           5.18597153e-02           4.38546487e+00           9.33522078e-01          -5.87660146e-03
