               variables=             ss           x_bl          delta        delta_1        delta_2              H             Ue            tke            dps            rho          tau_w
          -7.96901483e-04          -1.64805000e-05           2.05051944e-02          -3.15677394e-03          -4.68101221e-03           6.74378488e-01          -1.00013578e+00           1.40752466e+03          -1.89864308e+06           1.24375228e+05           5.08760218e-02
          -1.58568877e-03           2.70014000e-05           2.07525691e-02          -3.50332305e-03          -5.19272974e-03           6.74659229e-01          -9.59953873e-01           1.41519430e+03          -1.86771722e+06           1.24633127e+05           5.39077123e-02
          -2.37062817e-03           1.14192300e-04           2.09701202e-02          -3.86804320e-03          -5.74962104e-03           6.72747504e-01          -9.17296931e-01           1.42376222e+03          -1.82572698e+06           1.24904291e+05           5.63684899e-02
          -3.15386860e-03           2.45524300e-04           2.09857601e-02          -4.19115517e-03          -6.26178770e-03           6.69322463e-01          -8.74674154e-01           1.43468795e+03          -1.79290036e+06           1.25184725e+05           5.85738316e-02
          -3.93584542e-03           4.21181600e-04           2.07147658e-02          -4.45217540e-03          -6.69258540e-03           6.65239982e-01          -8.32390877e-01           1.44851232e+03          -1.77742937e+06           1.25473113e+05           6.10978476e-02
          -4.71195179e-03           6.41035700e-04           2.09133170e-02          -4.96998069e-03          -7.55967418e-03           6.57433187e-01          -7.77711214e-01           1.45886007e+03          -1.70025456e+06           1.25780330e+05           6.48167727e-02
          -5.47528608e-03           9.12058100e-04           2.13319814e-02          -5.83152296e-03          -9.09489177e-03           6.41186625e-01          -7.06565465e-01           1.46915953e+03          -1.58765110e+06           1.26121430e+05           6.89932625e-02
          -6.23077008e-03           1.24760800e-03           2.17046549e-02          -7.12872818e-03          -1.16345384e-02           6.12721188e-01          -6.18570658e-01           1.48053156e+03          -1.46042578e+06           1.26497461e+05           7.08407947e-02
          -6.99844035e-03           1.66647300e-03           2.21323193e-02          -8.91440408e-03          -1.55081192e-02           5.74821740e-01          -5.23668024e-01           1.49025564e+03          -1.32911266e+06           1.26867607e+05           6.76654080e-02
          -7.80963912e-03           2.18049810e-03           2.24748562e-02          -1.08491598e-02          -2.01348826e-02           5.38824088e-01          -4.40234759e-01           1.49929890e+03          -1.21976995e+06           1.27193345e+05           6.07698991e-02
          -8.67473835e-03           2.78583030e-03           2.23568615e-02          -1.24929925e-02          -2.45099605e-02           5.09710839e-01          -3.73313151e-01           1.51268124e+03          -1.14910873e+06           1.27474300e+05           5.43356051e-02
          -9.56985904e-03           3.46094000e-03           2.23066410e-02          -1.56414871e-02          -3.39754499e-02           4.60376159e-01          -2.93704296e-01           1.52872789e+03          -1.06569968e+06           1.27759835e+05           5.06700796e-02
          -1.04741445e-02           4.21054100e-03           2.23523660e-02          -2.51678758e-02          -7.15114122e-02           3.51942089e-01          -1.83528243e-01           1.54718304e+03          -9.41978405e+05           1.28069048e+05           4.54623173e-02
          -1.14485937e-02           5.09649930e-03           2.22116315e-02          -5.86980176e-02          -3.07310077e-01           1.91005834e-01          -7.67914583e-02           1.56950854e+03          -8.31540956e+05           1.28342159e+05           3.59578370e-02
          -1.25660989e-02           6.16818340e-03           2.17001546e-02           7.47978819e+00          -4.00933743e+03          -1.86559209e-03           5.52211720e-04           1.59719607e+03          -7.48693810e+05           1.28550862e+05           2.56459180e-02
          -1.38579878e-02           7.44136840e-03           2.08480348e-02           6.69931476e-02          -2.56182993e-01          -2.61505054e-01           5.34926598e-02           1.62359360e+03          -6.70666541e+05           1.28713252e+05           1.71125806e-02
          -1.51652207e-02           8.74518230e-03           1.95939377e-02           3.18971012e-02          -4.32209449e-02          -7.38001015e-01           9.31381048e-02           1.65901563e+03          -5.90095433e+05           1.28830024e+05           1.09349034e-02
          -1.64704700e-02           1.00500584e-02           1.69544635e-02           3.10928846e-02          -4.65437148e-02          -6.68036163e-01           6.01359979e-02           1.72686573e+03          -5.21621909e+05           1.28915117e+05           6.35651101e-03
          -1.78204773e-02           1.13910269e-02           1.58732962e-03           4.67912120e-04           1.81181534e-04           2.58255966e+00          -7.46778899e-02           2.81378655e+03          -5.23295836e+05           1.28986777e+05           2.66570111e-03
          -1.92354271e-02           1.27860196e-02           1.95272489e-03           1.10502433e-03           2.77493617e-04           3.98216126e+00          -1.72623791e-02           2.71070594e+03          -2.31184683e+05           1.29020768e+05           1.49602630e-04
          -2.06546113e-02           1.41751943e-02           1.41541560e-03           4.81588290e-04           1.74771199e-04           2.75553577e+00          -5.69273039e-02           2.43597019e+03           1.56617977e+05           1.29044099e+05           1.85982829e-03
          -2.20728167e-02           1.55435810e-02           1.66225061e-03           5.11456539e-04           1.92263630e-04           2.66018352e+00          -1.05239348e-01           2.45114888e+03           2.87783389e+05           1.29058796e+05           3.30112149e-03
          -2.35288825e-02           1.69223230e-02           1.92396638e-03           5.70199491e-04           2.28102156e-04           2.49975494e+00          -1.45207040e-01           2.37223741e+03           3.05998963e+05           1.29064688e+05           4.21144981e-03
          -2.50370554e-02           1.83244478e-02           2.09819582e-03           6.20798067e-04           2.49531490e-04           2.48785460e+00          -1.78496105e-01           2.29241371e+03           3.60755786e+05           1.29065056e+05           4.75366095e-03
          -2.66019073e-02           1.97541881e-02           2.31474049e-03           6.83825610e-04           2.82138116e-04           2.42372644e+00          -2.05819773e-01           2.20518207e+03           3.03348587e+05           1.29061703e+05           5.03911831e-03
          -2.82297578e-02           2.12176666e-02           2.51934358e-03           7.45478461e-04           3.07686282e-04           2.42285245e+00          -2.28354804e-01           2.12296155e+03           2.85499195e+05           1.29056368e+05           5.10945799e-03
          -2.99260026e-02           2.27207951e-02           2.70089778e-03           8.19131789e-04           3.41430346e-04           2.39911830e+00          -2.47187980e-01           2.05065174e+03           2.45278551e+05           1.29050037e+05           5.04546114e-03
          -3.16969713e-02           2.42714547e-02           2.95150901e-03           8.90314102e-04           3.70432247e-04           2.40344654e+00          -2.62398303e-01           1.97819920e+03           2.03239659e+05           1.29043278e+05           4.89932262e-03
          -3.35474095e-02           2.58779787e-02           3.14359184e-03           9.62537564e-04           3.98625394e-04           2.41464186e+00          -2.75337051e-01           1.91855312e+03           1.74836910e+05           1.29036590e+05           4.72923566e-03
          -3.54746760e-02           2.75433734e-02           3.36761931e-03           1.03760976e-03           4.33670801e-04           2.39262075e+00          -2.86141323e-01           1.86376149e+03           1.48673129e+05           1.29030172e+05           4.58149840e-03
          -3.74722895e-02           2.92636398e-02           3.57237306e-03           1.10408331e-03           4.60804098e-04           2.39599282e+00          -2.95392463e-01           1.81633796e+03           1.26903639e+05           1.29024151e+05           4.44023859e-03
          -3.95397701e-02           3.10387891e-02           3.74147092e-03           1.17699022e-03           4.93533725e-04           2.38482228e+00          -3.03529456e-01           1.77737885e+03           1.09848000e+05           1.29018816e+05           4.28907787e-03
          -4.16782373e-02           3.28704379e-02           3.97493722e-03           1.24495121e-03           5.21071843e-04           2.38921220e+00          -3.10243020e-01           1.73914273e+03           9.08896193e+04           1.29014394e+05           4.13174138e-03
          -4.38896383e-02           3.47611606e-02           4.16349134e-03           1.31461372e-03           5.47884488e-04           2.39943592e+00          -3.16170650e-01           1.70752430e+03           7.72656149e+04           1.29010931e+05           3.96789249e-03
          -4.61763695e-02           3.67141925e-02           4.36046597e-03           1.39254520e-03           5.82089501e-04           2.39232146e+00          -3.21246251e-01           1.67915427e+03           6.35921569e+04           1.29008475e+05           3.80272852e-03
          -4.85409440e-02           3.87331732e-02           4.58032782e-03           1.46569842e-03           6.10499103e-04           2.40081995e+00          -3.25477240e-01           1.65213531e+03           5.22174700e+04           1.29007030e+05           3.64145517e-03
          -5.09854475e-02           4.08216640e-02           4.76514431e-03           1.53888380e-03           6.37763989e-04           2.41293617e+00          -3.29201699e-01           1.62949656e+03           4.30910731e+04           1.29006482e+05           3.48763083e-03
          -5.35112828e-02           4.29824255e-02           4.97231816e-03           1.61962428e-03           6.73212811e-04           2.40581322e+00          -3.32312298e-01           1.60813246e+03           3.50171655e+04           1.29006848e+05           3.34275307e-03
          -5.61204723e-02           4.52187173e-02           5.18543906e-03           1.69388351e-03           7.01751123e-04           2.41379522e+00          -3.34922204e-01           1.58796401e+03           2.85791884e+04           1.29008122e+05           3.20593644e-03
          -5.88150010e-02           4.75340076e-02           5.36978287e-03           1.76693318e-03           7.28902967e-04           2.42409931e+00          -3.37220044e-01           1.57061106e+03           2.36655103e+04           1.29010237e+05           3.07923182e-03
          -6.15964511e-02           4.99316864e-02           5.55865803e-03           1.84594181e-03           7.63798309e-04           2.41679223e+00          -3.39155792e-01           1.55450147e+03           1.97070520e+04           1.29013036e+05           2.96551121e-03
          -6.44654250e-02           5.24145626e-02           5.76277492e-03           1.91451164e-03           7.90936564e-04           2.42056282e+00          -3.40728925e-01           1.53870301e+03           1.71072650e+04           1.29016344e+05           2.86837120e-03
          -6.74195533e-02           5.49826771e-02           5.93619085e-03           1.97712902e-03           8.15767916e-04           2.42364155e+00          -3.42099893e-01           1.52505747e+03           1.49619974e+04           1.29020060e+05           2.79041788e-03
          -7.04551908e-02           5.76327853e-02           6.08741295e-03           2.03523277e-03           8.38425860e-04           2.42744513e+00          -3.43260991e-01           1.51329055e+03           1.28972552e+04           1.29024181e+05           2.72151791e-03
          -7.35718103e-02           6.03634603e-02           6.23923895e-03           2.10133277e-03           8.69590060e-04           2.41646365e+00          -3.44162803e-01           1.50251137e+03           1.04609865e+04           1.29028763e+05           2.65023948e-03
          -7.67705852e-02           6.31745607e-02           6.41590213e-03           2.16229907e-03           8.93414941e-04           2.42026294e+00          -3.44748524e-01           1.49162858e+03           7.35658865e+03           1.29033843e+05           2.57167422e-03
          -8.00548484e-02           6.60676360e-02           6.58751831e-03           2.22882272e-03           9.17748581e-04           2.42857659e+00          -3.45076080e-01           1.48163855e+03           3.79368853e+03           1.29039418e+05           2.47964494e-03
          -8.34329189e-02           6.90496787e-02           6.76069226e-03           2.30254301e-03           9.43154647e-04           2.44132076e+00          -3.45124468e-01           1.47231751e+03           7.99566948e+02           1.29045486e+05           2.37372877e-03
          -8.69117545e-02           7.21290112e-02           6.93473657e-03           2.38017452e-03           9.69419879e-04           2.45525656e+00          -3.44888351e-01           1.46459701e+03          -3.24087159e+03           1.29051955e+05           2.26944126e-03
          -9.79938219e-02           8.20161849e-02           7.45599363e-03           2.61437625e-03           1.06153984e-03           2.46281502e+00          -3.42629708e-01           1.46427737e+03          -6.25994585e+03           1.29072132e+05           2.03429973e-03
          -1.01905859e-01           8.55384469e-02           7.62771693e-03           2.68522161e-03           1.08739276e-03           2.46941281e+00          -3.41597985e-01           1.45659714e+03          -7.77835946e+03           1.29079930e+05           1.96227267e-03
          -1.05922852e-01           8.91719013e-02           7.79413043e-03           2.75455587e-03           1.11298688e-03           2.47492215e+00          -3.40494989e-01           1.44547474e+03          -9.41849000e+03           1.29088222e+05           1.89719997e-03
          -1.10045615e-01           9.29177627e-02           7.95705934e-03           2.82343766e-03           1.13851040e-03           2.47994017e+00          -3.39303918e-01           1.43360270e+03          -9.90517741e+03           1.29096858e+05           1.83627576e-03
          -1.14275456e-01           9.67775211e-02           8.11696778e-03           2.89242298e-03           1.16399599e-03           2.48490802e+00          -3.38001951e-01           1.42099096e+03          -1.06229495e+04           1.29105770e+05           1.77787466e-03
          -1.18614965e-01           1.00753687e-01           8.27557683e-03           2.96325339e-03           1.18954364e-03           2.49108421e+00          -3.36561417e-01           1.40865143e+03          -1.14987213e+04           1.29115008e+05           1.71732945e-03
          -1.23069215e-01           1.04851082e-01           8.43479305e-03           3.03760321e-03           1.21534896e-03           2.49936711e+00          -3.34959383e-01           1.39675085e+03          -1.22219669e+04           1.29157692e+05           1.65284913e-03
          -1.27648389e-01           1.09081328e-01           8.59130237e-03           3.11290296e-03           1.24098747e-03           2.50840805e+00          -3.33193780e-01           1.38563217e+03          -1.26662216e+04           1.29168209e+05           1.58956456e-03
          -1.32356663e-01           1.13453083e-01           8.73319402e-03           3.18053674e-03           1.26492373e-03           2.51440988e+00          -3.31280142e-01           1.37503795e+03          -1.25605768e+04           1.29178496e+05           1.53918227e-03
          -1.37189470e-01           1.17966808e-01           8.84687900e-03           3.23173915e-03           1.28525416e-03           2.51447477e+00          -3.29237009e-01           1.36464583e+03          -1.18287362e+04           1.29188392e+05           1.50952196e-03
          -1.42134203e-01           1.22611262e-01           8.93202767e-03           3.26808782e-03           1.30164590e-03           2.51073492e+00          -3.27106447e-01           1.35382821e+03          -1.11882004e+04           1.29197869e+05           1.49246068e-03
          -1.47187322e-01           1.27381116e-01           8.99898978e-03           3.29829401e-03           1.31530051e-03           2.50763532e+00          -3.24945324e-01           1.34195898e+03          -1.09026778e+04           1.29206920e+05           1.47450777e-03
          -1.52353708e-01           1.32279724e-01           9.05627887e-03           3.32849817e-03           1.32748693e-03           2.50736793e+00          -3.22788427e-01           1.32905455e+03          -1.07205890e+04           1.29215545e+05           1.45110204e-03
          -1.57638659e-01           1.37313083e-01           9.11274562e-03           3.33988308e-03           1.32019008e-03           2.52985016e+00          -3.20642411e-01           1.31560862e+03          -1.05497688e+04           1.29223879e+05           1.42660631e-03
          -1.63046201e-01           1.42486557e-01           9.17882905e-03           3.36865434e-03           1.33289828e-03           2.52731540e+00          -3.18518944e-01           1.30210345e+03          -9.92163912e+03           1.29232185e+05           1.40631645e-03
          -1.68578533e-01           1.47805139e-01           9.22916649e-03           3.38674797e-03           1.34344295e-03           2.52094663e+00          -3.16444536e-01           1.28937326e+03          -8.79449163e+03           1.29240624e+05           1.39614302e-03
          -1.74226031e-01           1.53262302e-01           9.24900482e-03           3.38591000e-03           1.34967980e-03           2.50867649e+00          -3.14445148e-01           1.27759702e+03          -7.90578488e+03           1.29249137e+05           1.40306598e-03
          -1.79968949e-01           1.58836782e-01           9.24173040e-03           3.37215187e-03           1.35189047e-03           2.49439724e+00          -3.12517445e-01           1.26676565e+03          -6.56891923e+03           1.29257431e+05           1.41967561e-03
          -1.85810522e-01           1.64527357e-01           9.22806833e-03           3.36184069e-03           1.35269436e-03           2.48529216e+00          -3.10651849e-01           1.25658384e+03          -5.23122717e+03           1.29265051e+05           1.42332280e-03
          -1.91770064e-01           1.70354351e-01           9.19697216e-03           3.34724037e-03           1.35088198e-03           2.47781851e+00          -3.08854267e-01           1.24679896e+03          -5.51282293e+03           1.29271660e+05           1.42581701e-03
          -1.97832422e-01           1.76306441e-01           9.11791607e-03           3.30821545e-03           1.34252684e-03           2.46417081e+00          -3.07158117e-01           1.23780412e+03          -3.30733740e+03           1.29277225e+05           1.45878844e-03
          -2.03964046e-01           1.82346404e-01           9.02843520e-03           3.24394811e-03           1.30985977e-03           2.47656137e+00          -3.05674074e-01           1.22811872e+03          -3.07260889e+02           1.29281900e+05           1.49022010e-03
          -2.10179963e-01           1.88483641e-01           8.99043112e-03           3.22416065e-03           1.30611033e-03           2.46852090e+00          -3.04499904e-01           1.21863257e+03          -1.53966049e+03           1.29285907e+05           1.49452004e-03
          -2.16501195e-01           1.94740877e-01           8.94637781e-03           3.20409330e-03           1.30170794e-03           2.46145330e+00          -3.03593532e-01           1.21003587e+03          -1.18728063e+03           1.29289529e+05           1.50475424e-03
          -2.22893370e-01           2.01084152e-01           8.88498231e-03           3.17450262e-03           1.29506817e-03           2.45122434e+00          -3.02914423e-01           1.20062641e+03           2.20866452e+03           1.29293059e+05           1.53478506e-03
          -2.29349735e-01           2.07501084e-01           8.84524907e-03           3.15963572e-03           1.29117266e-03           2.44710551e+00          -3.02356689e-01           1.19215512e+03           1.63494016e+03           1.29296645e+05           1.54294860e-03
          -2.35920926e-01           2.14042321e-01           8.80915825e-03           3.14771318e-03           1.28741433e-03           2.44498846e+00          -3.01842594e-01           1.18520424e+03          -7.69633068e+01           1.29300289e+05           1.54136862e-03
          -2.42566588e-01           2.20670268e-01           8.70378855e-03           3.09688227e-03           1.27376457e-03           2.43128310e+00          -3.01371321e-01           1.18039953e+03           4.17086603e+03           1.29304178e+05           1.59198736e-03
          -2.49218760e-01           2.27310613e-01           8.59820910e-03           3.05784394e-03           1.25942201e-03           2.42797403e+00          -3.00955215e-01           1.17757017e+03           5.06557979e+03           1.29308714e+05           1.61810637e-03
          -2.55962103e-01           2.34044403e-01           8.58390755e-03           3.04951077e-03           1.23449986e-03           2.47023987e+00          -3.00593732e-01           1.17453411e+03          -2.36361716e+01           1.29314083e+05           1.57321088e-03
          -2.62830234e-01           2.40907639e-01           8.59951371e-03           3.06774005e-03           1.23822254e-03           2.47753530e+00          -3.00353973e-01           1.17069024e+03           2.45158407e+02           1.29320245e+05           1.54921722e-03
          -2.69775610e-01           2.47851714e-01           8.59391096e-03           3.06512737e-03           1.23999741e-03           2.47188207e+00          -3.00262818e-01           1.16673767e+03           3.26011293e+03           1.29327192e+05           1.56564937e-03
          -2.76783712e-01           2.54859775e-01           8.59244044e-03           3.06379812e-03           1.24149251e-03           2.46783456e+00          -3.00328452e-01           1.16282042e+03           1.81976487e+03           1.29334648e+05           1.57100640e-03
          -2.83859892e-01           2.61935592e-01           8.61222723e-03           3.07649260e-03           1.24548939e-03           2.47010744e+00          -3.00257551e-01           1.15906230e+03           5.48894620e+02           1.29341771e+05           1.55602699e-03
          -2.91025673e-01           2.69099295e-01           8.64817919e-03           3.09753159e-03           1.25231479e-03           2.47344487e+00          -2.99866219e-01           1.15566710e+03           1.87795710e+03           1.29392665e+05           1.53846535e-03
          -2.98285243e-01           2.76352942e-01           8.68613036e-03           3.11723796e-03           1.25985367e-03           2.47428573e+00          -2.99118333e-01           1.15239642e+03           1.29209749e+03           1.29396013e+05           1.52311511e-03
          -3.05625841e-01           2.83680856e-01           8.74008266e-03           3.13074809e-03           1.26803902e-03           2.46896825e+00          -3.01208302e-01           1.14986297e+03           6.06952573e+02           1.29397721e+05           1.53395331e-03
          -3.13024984e-01           2.91058719e-01           8.76336605e-03           3.13773926e-03           1.27279147e-03           2.46524220e+00          -3.01584548e-01           1.14671744e+03           2.81973253e+03           1.29398688e+05           1.53995039e-03
          -3.20486610e-01           2.98490733e-01           8.81943708e-03           3.16982866e-03           1.28172541e-03           2.47309496e+00          -3.01798937e-01           1.14329691e+03           1.65155447e+03           1.29399592e+05           1.51007592e-03
          -3.28091382e-01           3.06055129e-01           8.90020750e-03           3.21557540e-03           1.29519066e-03           2.48270427e+00          -3.01837787e-01           1.13947467e+03          -7.63217191e+02           1.29400472e+05           1.46996317e-03
          -3.35830945e-01           3.13726842e-01           8.88150958e-03           3.19516015e-03           1.29530144e-03           2.46673094e+00          -3.02020605e-01           1.13590738e+03           4.18439311e+03           1.29400953e+05           1.50928632e-03
          -3.43579552e-01           3.21376651e-01           8.77961716e-03           3.12655274e-03           1.28240284e-03           2.43804260e+00          -3.02624399e-01           1.13294400e+03           9.95423859e+03           1.29400653e+05           1.59335940e-03
          -3.51347201e-01           3.29016417e-01           8.65958128e-03           3.05645124e-03           1.26422750e-03           2.41764337e+00          -3.03741570e-01           1.13063033e+03           9.87155822e+03           1.29399454e+05           1.65959470e-03
          -3.59130870e-01           3.36639970e-01           8.52829730e-03           2.98771211e-03           1.24309383e-03           2.40344859e+00          -3.05313880e-01           1.12980409e+03           1.22619572e+04           1.29397493e+05           1.72156752e-03
          -3.66917058e-01           3.44231516e-01           8.38673805e-03           2.89242818e-03           1.19502181e-03           2.42039783e+00          -3.07329175e-01           1.13187306e+03           1.60018809e+04           1.29394963e+05           1.79292054e-03
          -3.74694490e-01           3.51779670e-01           8.28930344e-03           2.83572779e-03           1.17834775e-03           2.40652879e+00          -3.09915173e-01           1.13670662e+03           1.66647040e+04           1.29392021e+05           1.85867116e-03
          -3.82456640e-01           3.59278828e-01           8.20669612e-03           2.78984384e-03           1.16357755e-03           2.39764324e+00          -3.12918751e-01           1.14617311e+03           1.76338983e+04           1.29388652e+05           1.91462418e-03
          -3.90200574e-01           3.66728216e-01           8.14880786e-03           2.75893276e-03           1.15249535e-03           2.39387756e+00          -3.16248640e-01           1.15997114e+03           1.84158940e+04           1.29384729e+05           1.95750296e-03
          -3.97930676e-01           3.74135077e-01           8.12639110e-03           2.74796471e-03           1.14690398e-03           2.39598498e+00          -3.19741926e-01           1.17572112e+03           1.75771726e+04           1.29380291e+05           1.97928101e-03
          -4.05665067e-01           3.81518692e-01           8.14161429e-03           2.75691587e-03           1.14735583e-03           2.40284295e+00          -3.23199779e-01           1.19315923e+03           1.59404670e+04           1.29375830e+05           1.97967479e-03
          -4.13419994e-01           3.88890743e-01           8.17755662e-03           2.77502915e-03           1.15135492e-03           2.41022911e+00          -3.26518110e-01           1.21156911e+03           1.52185586e+04           1.29372155e+05           1.97410951e-03
          -4.21197001e-01           3.96247029e-01           8.21518269e-03           2.79035197e-03           1.15588523e-03           2.41403895e+00          -3.29714257e-01           1.23033658e+03           1.48072251e+04           1.29369848e+05           1.97828212e-03
          -4.28985462e-01           4.03573602e-01           8.25016839e-03           2.79928862e-03           1.15989797e-03           2.41339211e+00          -3.32840750e-01           1.24914695e+03           1.55768389e+04           1.29368730e+05           1.99467286e-03
          -4.36779735e-01           4.10864651e-01           8.29270008e-03           2.80848257e-03           1.16443140e-03           2.41189181e+00          -3.35977351e-01           1.26693307e+03           1.57778606e+04           1.29367826e+05           2.00935533e-03
          -4.44579649e-01           4.18119997e-01           8.34648515e-03           2.82260661e-03           1.17012906e-03           2.41221819e+00          -3.39202507e-01           1.28276736e+03           1.42879038e+04           1.29408637e+05           2.01572627e-03
          -4.52389315e-01           4.25343394e-01           8.41631433e-03           2.86818582e-03           1.20124522e-03           2.38767719e+00          -3.42476286e-01           1.29678482e+03           1.48631830e+04           1.29405317e+05           2.01413217e-03
          -4.60218971e-01           4.32544142e-01           8.53490404e-03           2.90700167e-03           1.21568505e-03           2.39124571e+00          -3.45738621e-01           1.30878658e+03           1.47586270e+04           1.29400893e+05           1.99609220e-03
          -4.68109255e-01           4.39750940e-01           8.64731830e-03           2.94112325e-03           1.23022540e-03           2.39071901e+00          -3.48939025e-01           1.31894214e+03           1.40417506e+04           1.29395785e+05           1.98936488e-03
          -4.76044624e-01           4.46912319e-01           8.65275921e-03           2.91748858e-03           1.22956239e-03           2.37278612e+00          -3.52336155e-01           1.32853026e+03           1.93337518e+04           1.29389966e+05           2.06421444e-03
          -4.83915689e-01           4.53932762e-01           8.56964607e-03           2.85597162e-03           1.21492806e-03           2.35073311e+00          -3.56111163e-01           1.33830272e+03           2.57940062e+04           1.29383130e+05           2.17861362e-03
          -4.91731046e-01           4.60844785e-01           8.48986937e-03           2.80948880e-03           1.19938960e-03           2.34243218e+00          -3.60196067e-01           1.34713055e+03           2.58929998e+04           1.29375167e+05           2.24814007e-03
          -4.99523975e-01           4.67682898e-01           8.44449275e-03           2.78566700e-03           1.18883388e-03           2.34319281e+00          -3.64455909e-01           1.35371819e+03           2.56865121e+04           1.29366274e+05           2.28263968e-03
          -5.07308206e-01           4.74443972e-01           8.39994696e-03           2.75872688e-03           1.17899825e-03           2.33989057e+00          -3.69028522e-01           1.35805248e+03           2.92808687e+04           1.29356618e+05           2.33989573e-03
          -5.15052476e-01           4.81093407e-01           8.34470284e-03           2.72192524e-03           1.16759331e-03           2.33122717e+00          -3.74127975e-01           1.36049183e+03           3.29846229e+04           1.29346320e+05           2.42455711e-03
          -5.22736366e-01           4.87619489e-01           8.30318393e-03           2.68967290e-03           1.15752047e-03           2.32365039e+00          -3.79794601e-01           1.36130750e+03           3.51640831e+04           1.29335475e+05           2.50426862e-03
          -5.30364168e-01           4.94037211e-01           8.29727242e-03           2.67375163e-03           1.15244123e-03           2.32007633e+00          -3.85845215e-01           1.36106324e+03           3.70421003e+04           1.29323826e+05           2.56105965e-03
          -5.37958384e-01           5.00359118e-01           8.30226788e-03           2.66066229e-03           1.14917328e-03           2.31528381e+00          -3.92120754e-01           1.36068257e+03           3.99918182e+04           1.29310445e+05           2.62277874e-03
          -5.45494945e-01           5.06555021e-01           8.28305098e-03           2.63378242e-03           1.14236814e-03           2.30554610e+00          -3.98596357e-01           1.36111644e+03           4.37043010e+04           1.29294202e+05           2.71643217e-03
          -5.52951347e-01           5.12613296e-01           8.24562443e-03           2.59888867e-03           1.13242508e-03           2.29497627e+00          -4.05252328e-01           1.36303142e+03           4.78682107e+04           1.29274604e+05           2.82345383e-03
          -5.60318738e-01           5.18540502e-01           8.22187367e-03           2.57243564e-03           1.12374165e-03           2.28916998e+00          -4.11955474e-01           1.36595049e+03           5.01619634e+04           1.29252041e+05           2.90698470e-03
          -5.67611398e-01           5.24361491e-01           8.23153674e-03           2.56364834e-03           1.11975352e-03           2.28947559e+00          -4.18575174e-01           1.37018475e+03           4.89944254e+04           1.29227312e+05           2.95254639e-03
          -5.74847464e-01           5.30091345e-01           8.26598984e-03           2.56735440e-03           1.11983245e-03           2.29262369e+00          -4.25056315e-01           1.37561062e+03           4.83965671e+04           1.29201227e+05           2.97896260e-03
          -5.82032124e-01           5.35732925e-01           8.31884353e-03           2.57909890e-03           1.12329717e-03           2.29600765e+00          -4.31377930e-01           1.38152808e+03           4.96888544e+04           1.29210380e+05           3.00004414e-03
          -5.89175777e-01           5.41294694e-01           8.38916533e-03           2.59707263e-03           1.12994325e-03           2.29840980e+00          -4.37539607e-01           1.38820435e+03           5.00148421e+04           1.29183257e+05           3.01631641e-03
          -5.96300043e-01           5.46778083e-01           8.44268273e-03           2.60256147e-03           1.13446634e-03           2.29408434e+00          -4.43677183e-01           1.39546603e+03           5.21465376e+04           1.29157063e+05           3.06538191e-03
          -6.03373514e-01           5.52132308e-01           8.42196864e-03           2.56727238e-03           1.12763501e-03           2.27668737e+00          -4.50067389e-01           1.40337859e+03           6.07288870e+04           1.29131206e+05           3.21010464e-03
          -6.10329731e-01           5.57325125e-01           8.36038995e-03           2.51670847e-03           1.11350373e-03           2.26017066e+00          -4.56836092e-01           1.41230326e+03           6.75272940e+04           1.29104782e+05           3.37258337e-03
          -6.17184854e-01           5.62405825e-01           8.32778229e-03           2.49094372e-03           1.10325984e-03           2.25780331e+00          -4.63766914e-01           1.42183622e+03           6.63173160e+04           1.29077602e+05           3.44832237e-03
          -6.23979095e-01           5.67404807e-01           8.31964016e-03           2.48262252e-03           1.09761951e-03           2.26182435e+00          -4.70619839e-01           1.43130967e+03           6.57084668e+04           1.29050103e+05           3.48615941e-03
          -6.30713005e-01           5.72313487e-01           8.30960962e-03           2.47375399e-03           1.09293561e-03           2.26340323e+00          -4.77375975e-01           1.44074467e+03           6.85478270e+04           1.29022646e+05           3.54631827e-03
          -6.37380877e-01           5.77128589e-01           8.29674990e-03           2.46383251e-03           1.08840400e-03           2.26371137e+00          -4.84082090e-01           1.45049904e+03           6.95763632e+04           1.28995336e+05           3.61269502e-03
          -6.43983389e-01           5.81853628e-01           8.30286027e-03           2.47030734e-03           1.09925401e-03           2.24725797e+00          -4.90800714e-01           1.46087511e+03           7.01190707e+04           1.28968031e+05           3.67067573e-03
          -6.50522960e-01           5.86492777e-01           8.32615416e-03           2.46705254e-03           1.09800136e-03           2.24685746e+00          -4.97533143e-01           1.47157564e+03           7.22344023e+04           1.28940441e+05           3.72461179e-03
          -6.57005256e-01           5.91050863e-01           8.35474297e-03           2.46612943e-03           1.09776320e-03           2.24650400e+00          -5.04257820e-01           1.48217791e+03           7.38479128e+04           1.28912406e+05           3.77577523e-03
          -6.63433138e-01           5.95525801e-01           8.37666753e-03           2.46153042e-03           1.09688505e-03           2.24410973e+00          -5.10993630e-01           1.49270809e+03           7.62018841e+04           1.28883974e+05           3.84138371e-03
          -6.69798519e-01           5.99908769e-01           8.37981781e-03           2.44865723e-03           1.09356297e-03           2.23915522e+00          -5.17780147e-01           1.50354490e+03           8.02569836e+04           1.28855221e+05           3.93263098e-03
          -6.76092438e-01           6.04199350e-01           8.37352823e-03           2.43350741e-03           1.08893919e-03           2.23475051e+00          -5.24638318e-01           1.51513514e+03           8.32873284e+04           1.28826209e+05           4.02488637e-03
          -6.82318367e-01           6.08407438e-01           8.37201875e-03           2.42293522e-03           1.08504431e-03           2.23302882e+00          -5.31531773e-01           1.52756694e+03           8.48612033e+04           1.28797068e+05           4.09732174e-03
          -6.88484243e-01           6.12539232e-01           8.37460159e-03           2.41521976e-03           1.08193620e-03           2.23231255e+00          -5.38425596e-01           1.54059270e+03           8.69197131e+04           1.28767918e+05           4.16295492e-03
          -6.94590664e-01           6.16593242e-01           8.37410966e-03           2.40612332e-03           1.07861982e-03           2.23074273e+00          -5.45325288e-01           1.55387690e+03           8.95980815e+04           1.28738782e+05           4.23807162e-03
          -7.00634406e-01           6.20568037e-01           8.36860906e-03           2.39511757e-03           1.07473021e-03           2.22857565e+00          -5.52246227e-01           1.56717095e+03           9.21807211e+04           1.28709607e+05           4.32009988e-03
          -7.06614942e-01           6.24466002e-01           8.35976534e-03           2.38380617e-03           1.07050804e-03           2.22679894e+00          -5.59183507e-01           1.58035303e+03           9.46153869e+04           1.28726840e+05           4.40121277e-03
          -7.12533324e-01           6.28290117e-01           8.34917500e-03           2.37302441e-03           1.06624281e-03           2.22559475e+00          -5.66123871e-01           1.59340272e+03           9.68582792e+04           1.28697308e+05           4.47969691e-03
          -7.18390699e-01           6.32042825e-01           8.33767101e-03           2.36294521e-03           1.06206833e-03           2.22485233e+00          -5.73053158e-01           1.60608790e+03           9.89079294e+04           1.28667222e+05           4.55695544e-03
          -7.24188191e-01           6.35726452e-01           8.32614973e-03           2.35379890e-03           1.05807480e-03           2.22460539e+00          -5.79963628e-01           1.61867667e+03           1.00867063e+05           1.28636696e+05           4.63075919e-03
          -7.29927048e-01           6.39343321e-01           8.31615059e-03           2.34598098e-03           1.05446713e-03           2.22480237e+00          -5.86857639e-01           1.63126653e+03           1.02683500e+05           1.28605856e+05           4.70070499e-03
          -7.35609136e-01           6.42895997e-01           8.32815805e-03           2.35060151e-03           1.06249376e-03           2.21234382e+00          -5.93813036e-01           1.64400267e+03           1.04443072e+05           1.28574757e+05           4.76552016e-03
          -7.41237013e-01           6.46386445e-01           8.35713746e-03           2.34794816e-03           1.06195751e-03           2.21096242e+00          -6.00836256e-01           1.65689717e+03           1.06364185e+05           1.28543347e+05           4.82935268e-03
          -7.46811876e-01           6.49814963e-01           8.38713530e-03           2.34549056e-03           1.06173586e-03           2.20910930e+00          -6.07902041e-01           1.66958536e+03           1.08823882e+05           1.28511485e+05           4.89699411e-03
          -7.52334052e-01           6.53181315e-01           8.41533928e-03           2.34221004e-03           1.06146266e-03           2.20658730e+00          -6.15035362e-01           1.68199338e+03           1.11940224e+05           1.28479007e+05           4.97155531e-03
          -7.57803134e-01           6.56484842e-01           8.43813247e-03           2.33711729e-03           1.06070029e-03           2.20337198e+00          -6.22248397e-01           1.69419080e+03           1.15595419e+05           1.28445799e+05           5.05483792e-03
          -7.63217810e-01           6.59724534e-01           8.45202347e-03           2.32928188e-03           1.05898778e-03           2.19953611e+00          -6.29544239e-01           1.70627974e+03           1.19774041e+05           1.28411803e+05           5.14893092e-03
          -7.68575584e-01           6.62900031e-01           8.45651992e-03           2.31902461e-03           1.05623620e-03           2.19555494e+00          -6.36918779e-01           1.71832828e+03           1.24122285e+05           1.28376984e+05           5.25082476e-03
          -7.73875558e-01           6.66012943e-01           8.45320478e-03           2.30749512e-03           1.05267827e-03           2.19202312e+00          -6.44355528e-01           1.73028956e+03           1.28228990e+05           1.28341324e+05           5.35549137e-03
          -7.79117678e-01           6.69065416e-01           8.44411800e-03           2.29564906e-03           1.04856684e-03           2.18932068e+00          -6.51833612e-01           1.74203322e+03           1.32060713e+05           1.28304827e+05           5.45686984e-03
          -7.84302331e-01           6.72059655e-01           8.43122870e-03           2.28405845e-03           1.04418588e-03           2.18740600e+00          -6.59334614e-01           1.75346193e+03           1.35598313e+05           1.28267541e+05           5.55575874e-03
          -7.89430437e-01           6.74998164e-01           8.41662325e-03           2.27335987e-03           1.03979544e-03           2.18635299e+00          -6.66840387e-01           1.76454703e+03           1.38785877e+05           1.28229570e+05           5.64958616e-03
          -7.94503641e-01           6.77883387e-01           8.40147083e-03           2.26369637e-03           1.03553224e-03           2.18602210e+00          -6.74334459e-01           1.77532613e+03           1.41750609e+05           1.28191042e+05           5.73742144e-03
          -7.99523125e-01           6.80716813e-01           8.38580124e-03           2.25463772e-03           1.03140084e-03           2.18599562e+00          -6.81808956e-01           1.78593260e+03           1.44669338e+05           1.28152047e+05           5.82427353e-03
          -8.04489762e-01           6.83499694e-01           8.36976423e-03           2.24596616e-03           1.02739767e-03           2.18607286e+00          -6.89268605e-01           1.79650624e+03           1.47632978e+05           1.28112638e+05           5.91236670e-03
          -8.09404294e-01           6.86233222e-01           8.36981733e-03           2.24553656e-03           1.03182554e-03           2.17627543e+00          -6.96777019e-01           1.80736765e+03           1.50662704e+05           1.28072853e+05           5.99953407e-03
          -8.14267456e-01           6.88918531e-01           8.37903595e-03           2.23871047e-03           1.02926883e-03           2.17504932e+00          -7.04322099e-01           1.81845958e+03           1.53821277e+05           1.28032701e+05           6.08700740e-03
          -8.19079909e-01           6.91556632e-01           8.38770515e-03           2.23198457e-03           1.02678452e-03           2.17376142e+00          -7.11879547e-01           1.82956461e+03           1.57130497e+05           1.27992149e+05           6.17710161e-03
          -8.23842404e-01           6.94148540e-01           8.39557065e-03           2.22527333e-03           1.02429180e-03           2.17249941e+00          -7.19456352e-01           1.84055694e+03           1.60603140e+05           1.27951145e+05           6.26639351e-03
          -8.28555352e-01           6.96694910e-01           8.40181427e-03           2.21828165e-03           1.02172151e-03           2.17112160e+00          -7.27056563e-01           1.85142873e+03           1.64305050e+05           1.27966196e+05           6.35894181e-03
          -8.33219137e-01           6.99196398e-01           8.40568897e-03           2.21082296e-03           1.01900047e-03           2.16959955e+00          -7.34683109e-01           1.86227188e+03           1.68289448e+05           1.27924415e+05           6.45698598e-03
          -8.37833996e-01           7.01653659e-01           8.40617295e-03           2.20276555e-03           1.01598393e-03           2.16811062e+00          -7.42336012e-01           1.87318129e+03           1.72552162e+05           1.27882040e+05           6.55727415e-03
          -8.42399965e-01           7.04067171e-01           8.40227308e-03           2.19376401e-03           1.01255953e-03           2.16655311e+00          -7.50014103e-01           1.88415033e+03           1.77042265e+05           1.27839046e+05           6.66075713e-03
          -8.46916599e-01           7.06437349e-01           8.39385138e-03           2.18383983e-03           1.00871937e-03           2.16496272e+00          -7.57717611e-01           1.89526398e+03           1.81563173e+05           1.27795439e+05           6.76989993e-03
          -8.51383774e-01           7.08765387e-01           8.38193706e-03           2.17357929e-03           1.00461609e-03           2.16359196e+00          -7.65446385e-01           1.90651639e+03           1.85900123e+05           1.27751242e+05           6.88166204e-03
          -8.55801808e-01           7.11052775e-01           8.36796574e-03           2.16350511e-03           1.00041264e-03           2.16261273e+00          -7.73197568e-01           1.91784033e+03           1.89951795e+05           1.27706489e+05           6.98984565e-03
          -8.60171313e-01           7.13301063e-01           8.35330084e-03           2.15405767e-03           9.96304557e-04           2.16204739e+00          -7.80966780e-01           1.92927217e+03           1.93681704e+05           1.27661221e+05           7.09385757e-03
          -8.64493087e-01           7.15511858e-01           8.33936915e-03           2.14568578e-03           9.92480835e-04           2.16194178e+00          -7.88748229e-01           1.94077537e+03           1.96979555e+05           1.27615475e+05           7.19316242e-03
          -8.68768167e-01           7.17686772e-01           8.32715553e-03           2.13875228e-03           9.89102727e-04           2.16231562e+00          -7.96534111e-01           1.95229951e+03           1.99964771e+05           1.27569292e+05           7.28588279e-03
          -8.72998388e-01           7.19827533e-01           8.31685084e-03           2.13330496e-03           9.86191012e-04           2.16317624e+00          -8.04314804e-01           1.96379853e+03           2.02988774e+05           1.27522707e+05           7.36875049e-03
          -8.77185138e-01           7.21934617e-01           8.31321257e-03           2.13406696e-03           9.89466854e-04           2.15678469e+00          -8.12108356e-01           1.97534451e+03           2.06268502e+05           1.27475714e+05           7.45259883e-03
          -8.81329064e-01           7.24008143e-01           8.32754230e-03           2.13056707e-03           9.88122184e-04           2.15617775e+00          -8.19968379e-01           1.98710511e+03           2.10105554e+05           1.27428254e+05           7.54159146e-03
          -8.85430571e-01           7.26048052e-01           8.33881535e-03           2.12649106e-03           9.86661687e-04           2.15523831e+00          -8.27833700e-01           1.99867897e+03           2.14662095e+05           1.27380235e+05           7.63673368e-03
          -8.89489615e-01           7.28054047e-01           8.34568739e-03           2.12125475e-03           9.84867542e-04           2.15384776e+00          -8.35716072e-01           2.01003946e+03           2.19989365e+05           1.27331554e+05           7.74146369e-03
          -8.93506033e-01           7.30025947e-01           8.34743877e-03           2.11445665e-03           9.82572282e-04           2.15196041e+00          -8.43629623e-01           2.02120843e+03           2.25998136e+05           1.27282121e+05           7.85775590e-03
          -8.97478816e-01           7.31963277e-01           8.34311837e-03           2.10575934e-03           9.79614502e-04           2.14957959e+00          -8.51580519e-01           2.03220161e+03           2.32414400e+05           1.27231873e+05           7.98777289e-03
          -9.01406791e-01           7.33866453e-01           8.33376134e-03           2.09568175e-03           9.76065207e-04           2.14707146e+00          -8.59576419e-01           2.04303886e+03           2.38894064e+05           1.27180803e+05           8.12457839e-03
          -9.05289808e-01           7.35736847e-01           8.32092305e-03           2.08513138e-03           9.72116471e-04           2.14493988e+00          -8.67610302e-01           2.05374650e+03           2.45039909e+05           1.27128978e+05           8.25968375e-03
          -9.09128037e-01           7.37575710e-01           8.30599181e-03           2.07458212e-03           9.67951210e-04           2.14327138e+00          -8.75667629e-01           2.06435804e+03           2.50632821e+05           1.27076503e+05           8.39065078e-03
          -9.12921854e-01           7.39384472e-01           8.29046579e-03           2.06451727e-03           9.63797416e-04           2.14206558e+00          -8.83734625e-01           2.07489677e+03           2.55561118e+05           1.27023495e+05           8.51824347e-03
          -9.16671942e-01           7.41164684e-01           8.27572945e-03           2.05543831e-03           9.59831769e-04           2.14145684e+00          -8.91794371e-01           2.08536949e+03           2.59787078e+05           1.27037414e+05           8.63746486e-03
          -9.20379157e-01           7.42917776e-01           8.26253153e-03           2.04765684e-03           9.56185852e-04           2.14148414e+00          -8.99828077e-01           2.09578109e+03           2.63443443e+05           1.26983853e+05           8.74662596e-03
          -9.24044921e-01           7.44645059e-01           8.25100731e-03           2.04109133e-03           9.52903849e-04           2.14196987e+00          -9.07819343e-01           2.10613284e+03           2.66722391e+05           1.26930148e+05           8.84602650e-03
          -9.27670216e-01           7.46347308e-01           8.24063209e-03           2.03547518e-03           9.49946339e-04           2.14272649e+00          -9.15755600e-01           2.11641322e+03           2.69823839e+05           1.26876373e+05           8.94101598e-03
          -9.31255780e-01           7.48025000e-01           8.23103179e-03           2.03049539e-03           9.47249752e-04           2.14356920e+00          -9.23632408e-01           2.12661212e+03           2.72918427e+05           1.26822573e+05           9.03357115e-03
          -9.34802187e-01           7.49678492e-01           8.22158025e-03           2.02581857e-03           9.44741255e-04           2.14431048e+00          -9.31449956e-01           2.13672574e+03           2.76090678e+05           1.26768761e+05           9.12806936e-03
          -9.38309990e-01           7.51308322e-01           8.21211242e-03           2.02144258e-03           9.42375957e-04           2.14504897e+00          -9.39209506e-01           2.14675825e+03           2.79398616e+05           1.26714931e+05           9.22062000e-03
          -9.41779574e-01           7.52914727e-01           8.21509028e-03           2.02146809e-03           9.44693438e-04           2.13981384e+00          -9.46955525e-01           2.15704795e+03           2.82927620e+05           1.26661076e+05           9.31525449e-03
          -9.45211382e-01           7.54498065e-01           8.22427405e-03           2.01792113e-03           9.43147140e-04           2.13956131e+00          -9.54674570e-01           2.16750919e+03           2.86694260e+05           1.26607162e+05           9.41049938e-03
          -9.48605855e-01           7.56058752e-01           8.23185183e-03           2.01433272e-03           9.41577140e-04           2.13931779e+00          -9.62343967e-01           2.17798735e+03           2.90657306e+05           1.26553164e+05           9.50463153e-03
          -9.51963245e-01           7.57596910e-01           8.23767246e-03           2.01052517e-03           9.39944754e-04           2.13898228e+00          -9.69969582e-01           2.18850813e+03           2.94833953e+05           1.26499055e+05           9.60206543e-03
          -9.55283858e-01           7.59112894e-01           8.24172064e-03           2.00655690e-03           9.38258240e-04           2.13859769e+00          -9.77554846e-01           2.19906367e+03           2.99299189e+05           1.26444794e+05           9.70266230e-03
          -9.58567920e-01           7.60606825e-01           8.24358501e-03           2.00223940e-03           9.36445640e-04           2.13812667e+00          -9.85103692e-01           2.20965874e+03           3.04074201e+05           1.26390325e+05           9.80710540e-03
          -9.61815603e-01           7.62078881e-01           8.24328462e-03           1.99752588e-03           9.34480286e-04           2.13757948e+00          -9.92623833e-01           2.22030941e+03           3.09178209e+05           1.26335577e+05           9.91340753e-03
          -9.65027079e-01           7.63529360e-01           8.24080984e-03           1.99248406e-03           9.32371588e-04           2.13700642e+00          -1.00012132e+00           2.23102813e+03           3.14582765e+05           1.26280484e+05           1.00221276e-02
          -9.68202438e-01           7.64958322e-01           8.23619710e-03           1.98698882e-03           9.30098781e-04           2.13632021e+00          -1.00760371e+00           2.24181880e+03           3.20312369e+05           1.26224991e+05           1.01381817e-02
          -9.71341692e-01           7.66366005e-01           8.22949901e-03           1.98109736e-03           9.27648989e-04           2.13561098e+00          -1.01507697e+00           2.25266421e+03           3.26345972e+05           1.26169041e+05           1.02538285e-02
          -9.74444931e-01           7.67752588e-01           8.22072299e-03           1.97475196e-03           9.25018885e-04           2.13482340e+00          -1.02254622e+00           2.26352608e+03           3.32588508e+05           1.26112589e+05           1.03738452e-02
          -9.77512218e-01           7.69118428e-01           8.21012376e-03           1.96812534e-03           9.22247917e-04           2.13405236e+00          -1.03001376e+00           2.27434613e+03           3.39048625e+05           1.26055618e+05           1.04970268e-02
          -9.80543669e-01           7.70463705e-01           8.19759767e-03           1.96112761e-03           9.19316753e-04           2.13324472e+00          -1.03748210e+00           2.28507327e+03           3.45738931e+05           1.25998114e+05           1.06246252e-02
          -9.83539263e-01           7.71788657e-01           8.18327016e-03           1.95372619e-03           9.16217546e-04           2.13238242e+00          -1.04495301e+00           2.29567352e+03           3.52650976e+05           1.25940070e+05           1.07557274e-02
          -9.86499087e-01           7.73093522e-01           8.16700138e-03           1.94592419e-03           9.12935262e-04           2.13150294e+00          -1.05242597e+00           2.30612662e+03           3.59708570e+05           1.25881486e+05           1.08899368e-02
          -9.89423067e-01           7.74378478e-01           8.14885647e-03           1.93764951e-03           9.09471997e-04           2.13052136e+00          -1.05989993e+00           2.31642676e+03           3.66788500e+05           1.25822382e+05           1.10331635e-02
          -9.92310887e-01           7.75643706e-01           8.12886079e-03           1.92892321e-03           9.05798449e-04           2.12952806e+00          -1.06737279e+00           2.32657274e+03           3.73694904e+05           1.25762795e+05           1.11768031e-02
          -9.95162439e-01           7.76889801e-01           8.10780406e-03           1.92006933e-03           9.02006370e-04           2.12866494e+00          -1.07484176e+00           2.33656097e+03           3.80175856e+05           1.25702785e+05           1.13196270e-02
          -9.97977931e-01           7.78117538e-01           8.08647272e-03           1.91152408e-03           8.98221504e-04           2.12812104e+00          -1.08229683e+00           2.34637857e+03           3.85924378e+05           1.25642465e+05           1.14602907e-02
          -1.00075765e+00           7.79327631e-01           8.07003390e-03           1.90642461e-03           8.97715268e-04           2.12364062e+00          -1.08974001e+00           2.35602651e+03           3.90891520e+05           1.25581964e+05           1.15929904e-02
          -1.00350194e+00           7.80520797e-01           8.06180432e-03           1.89945736e-03           8.94519965e-04           2.12343764e+00          -1.09716740e+00           2.36548116e+03           3.95069476e+05           1.25521412e+05           1.17135062e-02
          -1.00621137e+00           7.81697810e-01           8.05507819e-03           1.89342981e-03           8.91586855e-04           2.12366277e+00          -1.10454339e+00           2.37468726e+03           3.98293065e+05           1.25460946e+05           1.18255648e-02
          -1.00888652e+00           7.82859445e-01           8.05066247e-03           1.88861269e-03           8.89013414e-04           2.12439167e+00          -1.11185837e+00           2.38363339e+03           4.00812979e+05           1.25400687e+05           1.19200311e-02
          -1.01152823e+00           7.84006417e-01           8.04897948e-03           1.88513233e-03           8.86881821e-04           2.12557331e+00          -1.11910259e+00           2.39230969e+03           4.02873441e+05           1.25340729e+05           1.20026008e-02
          -1.01413767e+00           7.85139322e-01           8.04972067e-03           1.88285812e-03           8.85175554e-04           2.12710135e+00          -1.12626815e+00           2.40072217e+03           4.04868968e+05           1.25281126e+05           1.20740471e-02
          -1.01671554e+00           7.86258042e-01           8.05195277e-03           1.88122218e-03           8.83781760e-04           2.12860490e+00          -1.13335419e+00           2.40887493e+03           4.07263526e+05           1.25221859e+05           1.21421240e-02
          -1.01926225e+00           7.87362456e-01           8.05483090e-03           1.87983378e-03           8.82601598e-04           2.12987806e+00          -1.14036873e+00           2.41678011e+03           4.10347884e+05           1.25162852e+05           1.22149634e-02
          -1.02177803e+00           7.88452327e-01           8.05742261e-03           1.87834994e-03           8.81500532e-04           2.13085514e+00          -1.14732041e+00           2.42446395e+03           4.14291049e+05           1.25104003e+05           1.22938302e-02
          -1.02426304e+00           7.89527476e-01           8.05890253e-03           1.87646955e-03           8.80378476e-04           2.13143506e+00          -1.15422030e+00           2.43195338e+03           4.19250608e+05           1.25045184e+05           1.23817044e-02
          -1.02671737e+00           7.90587664e-01           8.05828374e-03           1.87390111e-03           8.79100952e-04           2.13161083e+00          -1.16107614e+00           2.43927769e+03           4.25205985e+05           1.24986275e+05           1.24821463e-02
          -1.02914092e+00           7.91632593e-01           8.05495476e-03           1.87036499e-03           8.77557202e-04           2.13133114e+00          -1.16789640e+00           2.44646438e+03           4.31930753e+05           1.24927177e+05           1.25922276e-02
          -1.03153333e+00           7.92661905e-01           8.04848231e-03           1.86559787e-03           8.75703085e-04           2.13040002e+00          -1.17469113e+00           2.45353574e+03           4.39143024e+05           1.24867810e+05           1.27252239e-02
          -1.03389405e+00           7.93675721e-01           8.03931482e-03           1.85996808e-03           8.73538212e-04           2.12923494e+00          -1.18146763e+00           2.46050608e+03           4.46453515e+05           1.24740322e+05           1.28689619e-02
          -1.03622296e+00           7.94674456e-01           8.02813886e-03           1.85380344e-03           8.71133706e-04           2.12803549e+00          -1.18822657e+00           2.46738096e+03           4.53430235e+05           1.24680613e+05           1.30129327e-02
          -1.03852020e+00           7.95658708e-01           8.01572243e-03           1.84750000e-03           8.68571138e-04           2.12705663e+00          -1.19496071e+00           2.47415634e+03           4.59782695e+05           1.24620749e+05           1.31486767e-02
          -1.04078604e+00           7.96629012e-01           8.00283761e-03           1.84137013e-03           8.65969898e-04           2.12636737e+00          -1.20166148e+00           2.48082365e+03           4.65212671e+05           1.24560833e+05           1.32818691e-02
          -1.04302084e+00           7.97586024e-01           7.99029398e-03           1.83573505e-03           8.63443344e-04           2.12606312e+00          -1.20831750e+00           2.48737499e+03           4.69610660e+05           1.24500994e+05           1.34055651e-02
          -1.04522508e+00           7.98530281e-01           7.97867126e-03           1.83073338e-03           8.61066409e-04           2.12612333e+00          -1.21491827e+00           2.49380635e+03           4.73036348e+05           1.24441351e+05           1.35188812e-02
          -1.04739939e+00           7.99462497e-01           7.96870198e-03           1.82666789e-03           8.58910308e-04           2.12672717e+00          -1.22145552e+00           2.50011654e+03           4.75494025e+05           1.24382014e+05           1.36122789e-02
          -1.04954446e+00           8.00383270e-01           7.96083873e-03           1.82370902e-03           8.57048134e-04           2.12789568e+00          -1.22791680e+00           2.50629917e+03           4.77120441e+05           1.24323097e+05           1.36825912e-02
          -1.05166131e+00           8.01293075e-01           7.95512467e-03           1.82177355e-03           8.55537104e-04           2.12939163e+00          -1.23429421e+00           2.51234834e+03           4.78255842e+05           1.24264677e+05           1.37453565e-02
          -1.05375074e+00           8.02192152e-01           7.95130293e-03           1.82071633e-03           8.54344918e-04           2.13112560e+00          -1.24058183e+00           2.51826373e+03           4.79268122e+05           1.24206792e+05           1.38036083e-02
          -1.05581328e+00           8.03080440e-01           7.94887347e-03           1.82011813e-03           8.53396255e-04           2.13279367e+00          -1.24678148e+00           2.52404803e+03           4.80525373e+05           1.24149427e+05           1.38570020e-02
          -1.05784952e+00           8.03958058e-01           7.94744070e-03           1.81983287e-03           8.52628924e-04           2.13437853e+00          -1.25289806e+00           2.52970514e+03           4.82166067e+05           1.24092543e+05           1.39091804e-02
          -1.05985983e+00           8.04824948e-01           7.94653066e-03           1.81969202e-03           8.51987601e-04           2.13581984e+00          -1.25893711e+00           2.53523999e+03           4.84397106e+05           1.24036071e+05           1.39679321e-02
          -1.06184473e+00           8.05681229e-01           7.95043953e-03           1.82166499e-03           8.53714430e-04           2.13381070e+00          -1.26491770e+00           2.54062177e+03           4.87274613e+05           1.23979942e+05           1.40203385e-02
          -1.06380457e+00           8.06526780e-01           7.95718531e-03           1.82147878e-03           8.53327212e-04           2.13456075e+00          -1.27084320e+00           2.54586667e+03           4.90729759e+05           1.23924083e+05           1.40827725e-02
          -1.06573980e+00           8.07361782e-01           7.96313517e-03           1.82110492e-03           8.52912821e-04           2.13515951e+00          -1.27671182e+00           2.55101041e+03           4.94920304e+05           1.23868416e+05           1.41494866e-02
          -1.06765075e+00           8.08186114e-01           7.96787310e-03           1.82031154e-03           8.52437216e-04           2.13542007e+00          -1.28253093e+00           2.55606325e+03           4.99833531e+05           1.23812862e+05           1.42284460e-02
          -1.06953784e+00           8.09000015e-01           7.97129199e-03           1.81914846e-03           8.51868741e-04           2.13547977e+00          -1.28830886e+00           2.56103622e+03           5.05415459e+05           1.23757337e+05           1.43126977e-02
          -1.07140139e+00           8.09803486e-01           7.97319327e-03           1.81755986e-03           8.51173843e-04           2.13535681e+00          -1.29405096e+00           2.56593984e+03           5.11755288e+05           1.23701779e+05           1.44026970e-02
          -1.07324189e+00           8.10596704e-01           7.97340706e-03           1.81550298e-03           8.50331628e-04           2.13505287e+00          -1.29976466e+00           2.57078498e+03           5.18746773e+05           1.23646114e+05           1.44979051e-02
          -1.07505973e+00           8.11379790e-01           7.97175819e-03           1.81294614e-03           8.49314274e-04           2.13459987e+00          -1.30545412e+00           2.57558167e+03           5.26318643e+05           1.23590283e+05           1.45980139e-02
          -1.07685535e+00           8.12152862e-01           7.96814264e-03           1.80983137e-03           8.48107587e-04           2.13396437e+00          -1.31112397e+00           2.58033937e+03           5.34525593e+05           1.23534236e+05           1.47073602e-02
          -1.07862920e+00           8.12916040e-01           7.96230215e-03           1.80606927e-03           8.46691762e-04           2.13308946e+00          -1.31677964e+00           2.58506699e+03           5.43165014e+05           1.23477919e+05           1.48293240e-02
          -1.08038178e+00           8.13669622e-01           7.95429367e-03           1.80172902e-03           8.45050875e-04           2.13209532e+00          -1.32242368e+00           2.58977115e+03           5.52194876e+05           1.23421306e+05           1.49571889e-02
          -1.08211342e+00           8.14413607e-01           7.94370976e-03           1.79663617e-03           8.43150152e-04           2.13086147e+00          -1.32805513e+00           2.59445933e+03           5.61435252e+05           1.23364383e+05           1.51002369e-02
          -1.08382438e+00           8.15148175e-01           7.93088555e-03           1.79080593e-03           8.40992363e-04           2.12939618e+00          -1.33368306e+00           2.59913317e+03           5.70591457e+05           1.23307119e+05           1.52522924e-02
          -1.08551505e+00           8.15873802e-01           7.91614458e-03           1.78450825e-03           8.38601290e-04           2.12795792e+00          -1.33930911e+00           2.60379206e+03           5.79369574e+05           1.23249527e+05           1.54038246e-02
          -1.08718603e+00           8.16591024e-01           7.90018122e-03           1.77800768e-03           8.36058443e-04           2.12665477e+00          -1.34493348e+00           2.60842933e+03           5.87479024e+05           1.23191654e+05           1.55534358e-02
          -1.08883801e+00           8.17300498e-01           7.88360476e-03           1.77160605e-03           8.33450449e-04           2.12562853e+00          -1.35055267e+00           2.61303261e+03           5.94726352e+05           1.23133563e+05           1.56992397e-02
          -1.09047179e+00           8.18002820e-01           7.86701732e-03           1.76549232e-03           8.30852731e-04           2.12491608e+00          -1.35616252e+00           2.61758604e+03           6.01019739e+05           1.23075327e+05           1.58400996e-02
          -1.09208831e+00           8.18698704e-01           7.85111755e-03           1.75988019e-03           8.28313361e-04           2.12465508e+00          -1.36175783e+00           2.62207179e+03           6.06301567e+05           1.23017027e+05           1.59578396e-02
          -1.09368851e+00           8.19388688e-01           7.83633112e-03           1.75483178e-03           8.25911338e-04           2.12472175e+00          -1.36733601e+00           2.62647230e+03           6.10586047e+05           1.22958723e+05           1.60639467e-02
          -1.09527351e+00           8.20073605e-01           7.82351564e-03           1.75071090e-03           8.23744810e-04           2.12530735e+00          -1.37289853e+00           2.63076917e+03           6.14106942e+05           1.22900451e+05           1.61558154e-02
          -1.09684457e+00           8.20754170e-01           7.81288489e-03           1.74761552e-03           8.21859615e-04           2.12641610e+00          -1.37844053e+00           2.63494981e+03           6.17259149e+05           1.22842244e+05           1.62299791e-02
          -1.09840320e+00           8.21431160e-01           7.80435591e-03           1.74555832e-03           8.20249646e-04           2.12808177e+00          -1.38395267e+00           2.63900747e+03           6.20334576e+05           1.22784143e+05           1.62726810e-02
          -1.09995083e+00           8.22104752e-01           7.79707344e-03           1.74408676e-03           8.18851148e-04           2.12991918e+00          -1.38943254e+00           2.64294325e+03           6.23811059e+05           1.22726124e+05           1.63132973e-02
          -1.10148860e+00           8.22775185e-01           7.79060470e-03           1.74286252e-03           8.17617781e-04           2.13163480e+00          -1.39489144e+00           2.64676446e+03           6.28218896e+05           1.22668079e+05           1.63636389e-02
          -1.10301767e+00           8.23442697e-01           7.78412211e-03           1.74161542e-03           8.16445135e-04           2.13316896e+00          -1.40033613e+00           2.65048424e+03           6.33721584e+05           1.22609905e+05           1.64136001e-02
          -1.10453908e+00           8.24107408e-01           7.77662624e-03           1.74000030e-03           8.15242768e-04           2.13433393e+00          -1.40577542e+00           2.65412032e+03           6.40673143e+05           1.22551465e+05           1.64835445e-02
          -1.10605388e+00           8.24769497e-01           7.76723074e-03           1.73773469e-03           8.13910443e-04           2.13504410e+00          -1.41121962e+00           2.65769292e+03           6.49212061e+05           1.22492614e+05           1.65758805e-02
          -1.10756297e+00           8.25429022e-01           7.75492339e-03           1.73443594e-03           8.12327017e-04           2.13514497e+00          -1.41668004e+00           2.66122393e+03           6.59253715e+05           1.22484123e+05           1.66912846e-02
          -1.10906732e+00           8.26086223e-01           7.74391128e-03           1.72849331e-03           8.08845739e-04           2.13698759e+00          -1.42217600e+00           2.66466498e+03           6.70561742e+05           1.22423550e+05           1.68355108e-02
          -1.11056758e+00           8.26741099e-01           7.73065654e-03           1.72257492e-03           8.06642215e-04           2.13548818e+00          -1.42771867e+00           2.66807078e+03           6.82721858e+05           1.22361755e+05           1.70133293e-02
          -1.11206418e+00           8.27394128e-01           7.71449065e-03           1.71542027e-03           8.04047270e-04           2.13348187e+00          -1.43333293e+00           2.67146360e+03           6.95254673e+05           1.22298889e+05           1.72175531e-02
          -1.11355828e+00           8.28046381e-01           7.69608508e-03           1.70760427e-03           8.01112896e-04           2.13154011e+00          -1.43902986e+00           2.67484138e+03           7.07649366e+05           1.22234892e+05           1.74159837e-02
          -1.11505116e+00           8.28698874e-01           7.67614757e-03           1.69951799e-03           7.97956399e-04           2.12983817e+00          -1.44481354e+00           2.67819222e+03           7.19340150e+05           1.22169773e+05           1.76107585e-02
          -1.11654440e+00           8.29352796e-01           7.65554365e-03           1.69163396e-03           7.94707780e-04           2.12862388e+00          -1.45068889e+00           2.68149601e+03           7.30194805e+05           1.22103551e+05           1.77934031e-02
          -1.11803971e+00           8.30009341e-01           7.63522688e-03           1.68431515e-03           7.91514073e-04           2.12796615e+00          -1.45666423e+00           2.68472523e+03           7.40301857e+05           1.22036219e+05           1.79636468e-02
          -1.11953918e+00           8.30670059e-01           7.61627079e-03           1.67810111e-03           7.88492285e-04           2.12824037e+00          -1.46274679e+00           2.68785514e+03           7.49994490e+05           1.21967754e+05           1.80902570e-02
          -1.12104513e+00           8.31336379e-01           7.59904924e-03           1.67330680e-03           7.85751510e-04           2.12956231e+00          -1.46893236e+00           2.69086777e+03           7.60325794e+05           1.21898138e+05           1.81807678e-02
          -1.12256104e+00           8.32009852e-01           7.58280401e-03           1.66977574e-03           7.83269293e-04           2.13180288e+00          -1.47521047e+00           2.69375851e+03           7.72147967e+05           1.21827289e+05           1.82420219e-02
          -1.12408968e+00           8.32690895e-01           7.56534257e-03           1.66645461e-03           7.80845534e-04           2.13416679e+00          -1.48157945e+00           2.69654363e+03           7.86972651e+05           1.21755036e+05           1.83091063e-02
          -1.12563325e+00           8.33379448e-01           7.54391799e-03           1.66208010e-03           7.78204196e-04           2.13578918e+00          -1.48805745e+00           2.69925981e+03           8.06013948e+05           1.21680993e+05           1.84252437e-02
          -1.12719364e+00           8.34075272e-01           7.51538456e-03           1.65534673e-03           7.74918388e-04           2.13615621e+00          -1.49467091e+00           2.70196131e+03           8.29556779e+05           1.21626065e+05           1.86099738e-02
          -1.12877235e+00           8.34778011e-01           7.47614806e-03           1.64497903e-03           7.70592583e-04           2.13469357e+00          -1.50143499e+00           2.70472036e+03           8.58383496e+05           1.21548723e+05           1.88977917e-02
          -1.13036994e+00           8.35486591e-01           7.42284839e-03           1.62933651e-03           7.64781660e-04           2.13045970e+00          -1.50839714e+00           2.70760287e+03           8.90574452e+05           1.21468197e+05           1.93386976e-02
          -1.13198471e+00           8.36200416e-01           7.35592151e-03           1.60849767e-03           7.57299932e-04           2.12399025e+00          -1.51568192e+00           2.71063972e+03           9.24817260e+05           1.21383640e+05           1.99084757e-02
          -1.13361616e+00           8.36921632e-01           7.27840062e-03           1.58466231e-03           7.48444512e-04           2.11727427e+00          -1.52339695e+00           2.71383886e+03           9.59883493e+05           1.21294272e+05           2.05190395e-02
          -1.13526572e+00           8.37653995e-01           7.19450293e-03           1.56066678e-03           7.38797793e-04           2.11244104e+00          -1.53158025e+00           2.71717053e+03           9.91419491e+05           1.21199851e+05           2.10804635e-02
          -1.13693599e+00           8.38401794e-01           7.10809116e-03           1.53932290e-03           7.28965868e-04           2.11165292e+00          -1.54020851e+00           2.72059900e+03           1.02309014e+06           1.21100346e+05           2.15001384e-02
          -1.13863281e+00           8.39170515e-01           7.01479436e-03           1.52206459e-03           7.19151278e-04           2.11647345e+00          -1.54900233e+00           2.72425504e+03           1.05271236e+06           1.20999704e+05           2.17381817e-02
          -1.14036657e+00           8.39959920e-01           6.89751231e-03           1.50178569e-03           7.07682237e-04           2.12211867e+00          -1.55752019e+00           2.72842898e+03           1.07584311e+06           1.20892029e+05           2.20832332e-02
          -1.14213323e+00           8.40755999e-01           6.74811717e-03           1.46177896e-03           6.90291399e-04           2.11762593e+00          -1.56519481e+00           2.73323738e+03           1.08459743e+06           1.20786084e+05           2.31828869e-02
          -1.14714545e+00           8.43019486e-01           6.27062603e-03           1.29338621e-03           6.29477634e-04           2.05469764e+00          -1.59025272e+00           2.74825578e+03           5.81508237e+05           1.20479002e+05           2.87548944e-02
          -1.14839904e+00           8.43703687e-01           6.36227895e-03           1.36557917e-03           6.41878939e-04           2.12747153e+00          -1.58643149e+00           2.74911908e+03           2.70973803e+05           1.20445646e+05           2.40984635e-02
          -1.14947086e+00           8.44383478e-01           6.72671746e-03           1.55650539e-03           6.82465148e-04           2.28071045e+00          -1.56268694e+00           2.74953599e+03           9.10427735e+04           1.20495583e+05           1.58355828e-02
          -1.15044802e+00           8.45088244e-01           7.28173861e-03           1.86536121e-03           7.38182017e-04           2.52696648e+00          -1.52359902e+00           2.75027597e+03           6.21788378e+04           1.20569719e+05           7.64137447e-03
          -1.15136721e+00           8.45804930e-01           7.79969112e-03           2.24813649e-03           7.88337788e-04           2.85174264e+00          -1.48380626e+00           2.75232747e+03           7.54614941e+04           1.20664808e+05           2.41688372e-03
          -1.15221414e+00           8.46498787e-01           8.43892540e-03           2.70152349e-03           8.41858895e-04           3.20899798e+00          -1.43307540e+00           2.75629293e+03           1.38583222e+05           1.20776473e+05          -2.96641588e-04
          -1.15296480e+00           8.47153842e-01           9.33618434e-03           3.32766046e-03           9.22348390e-04           3.60781294e+00          -1.33865849e+00           2.76642210e+03           2.22109374e+05           1.20545798e+05          -1.69456402e-03
          -1.15366698e+00           8.47810268e-01           1.08195151e-02           4.24170766e-03           1.03796920e-03           4.08654482e+00          -1.21614009e+00           2.78500513e+03           3.41535222e+05           1.20541185e+05          -2.07756436e-03
          -1.15439343e+00           8.48514736e-01           1.21939663e-02           5.27939145e-03           1.12581867e-03           4.68937989e+00          -1.13292189e+00           2.80889940e+03           4.03561125e+05           1.20583271e+05          -1.88815118e-03
          -1.15514294e+00           8.49249482e-01           1.30921137e-02           6.27274261e-03           1.16508151e-03           5.38395174e+00          -1.08722809e+00           2.83482591e+03           4.42950601e+05           1.20606216e+05          -1.68561056e-03
          -1.15585912e+00           8.49956036e-01           1.44348692e-02           7.40278198e-03           1.21567940e-03           6.08941963e+00          -1.03298151e+00           2.88355623e+03           4.18742375e+05           1.20681819e+05          -1.60126125e-03
          -1.15653548e+00           8.50628912e-01           1.61286509e-02           8.89845174e-03           1.29408422e-03           6.87625395e+00          -9.49726543e-01           2.99169067e+03           3.80413468e+05           1.20780023e+05          -1.56564592e-03
          -1.15718896e+00           8.51282179e-01           1.83775476e-02           1.08084987e-02           1.41195265e-03           7.65500087e+00          -8.82317576e-01           3.20863367e+03           3.25605503e+05           1.20876825e+05          -1.48417498e-03
          -1.15782678e+00           8.51919293e-01           2.16600809e-02           1.31454739e-02           1.64124138e-03           8.00947018e+00          -9.68154260e-01           3.59202888e+03           2.39074865e+05           1.20784423e+05          -1.29608353e-03
          -1.15845120e+00           8.52539420e-01           2.58514799e-02           1.61167127e-02           1.90837658e-03           8.44524756e+00          -1.03337209e+00           4.31585273e+03           1.90898412e+05           1.20539705e+05          -9.87274832e-04
          -1.15906279e+00           8.53140533e-01           3.13880970e-02           2.00800638e-02           2.22519666e-03           9.02395018e+00          -1.07264631e+00           5.69117988e+03           2.83622732e+05           1.20248357e+05          -5.86125883e-04
          -1.15966035e+00           8.53718758e-01           3.98938047e-02           2.56759178e-02           2.65128195e-03           9.68434076e+00          -1.06752815e+00           8.23301422e+03           5.93591923e+05           1.19969552e+05          -1.53952212e-04
          -1.16024504e+00           8.54272127e-01           4.99823577e-02           3.32609979e-02           2.93523084e-03           1.13316464e+01          -9.98682354e-01           1.18356801e+04           8.42585614e+05           1.19729124e+05           2.35537954e-04
          -1.16081916e+00           8.54799330e-01           5.13180514e-02           3.87730204e-02           1.78540337e-03           2.17166725e+01          -7.21496604e-01           1.44671320e+04           3.05062743e+05           1.19592803e+05           5.01214312e-04
          -1.16138706e+00           8.55300427e-01           5.09131561e-02           4.01425305e-02           1.55468770e-03           2.58203178e+01          -4.73655465e-01           1.28166277e+04          -2.02418689e+05           1.19501854e+05           5.93606658e-04
          -1.16195646e+00           8.55779111e-01           5.06203633e-02           3.49120764e-02           4.89776388e-03           7.12816649e+00          -4.27039940e-01           1.26212056e+04          -8.55253576e+04           1.19461245e+05           5.23610088e-04
          -1.16253090e+00           8.56236398e-01           5.04404635e-02           2.92845670e-02           6.84836562e-03           4.27613954e+00          -5.20955338e-01           1.30325570e+04           1.07594077e+05           1.19450576e+05           3.40315875e-04
          -1.16311251e+00           8.56671929e-01           5.03296725e-02           2.64090520e-02           7.50590467e-03           3.51843690e+00          -6.76894989e-01           1.30737363e+04           1.92613448e+05           1.19443554e+05           1.01964064e-04
          -1.16370395e+00           8.57085764e-01           5.03176679e-02           2.48471561e-02           7.75628633e-03           3.20348619e+00          -8.42714529e-01           1.23024158e+04           2.40752162e+05           1.19430054e+05          -1.33452325e-04
          -1.16430890e+00           8.57479811e-01           5.03511186e-02           2.37877976e-02           7.86524454e-03           3.02441933e+00          -9.92359424e-01           1.09059598e+04           2.60864062e+05           1.19398942e+05          -3.24386731e-04
          -1.16492831e+00           8.57855320e-01           5.04378719e-02           2.29484778e-02           7.92348691e-03           2.89625995e+00          -1.11715568e+00           9.43927189e+03           2.85833700e+05           1.19365839e+05          -4.60419223e-04
          -1.16556025e+00           8.58212829e-01           5.05577963e-02           2.21729598e-02           7.94293577e-03           2.79153206e+00          -1.22003191e+00           8.04843684e+03           2.97403082e+05           1.19331174e+05          -5.58487284e-04
          -1.16619458e+00           8.58546197e-01           5.07273194e-02           2.13658897e-02           7.91589175e-03           2.69911342e+00          -1.31282835e+00           6.62149881e+03           3.05030302e+05           1.19294733e+05          -6.42628666e-04
          -1.16682627e+00           8.58847261e-01           5.02140462e-02           2.02683448e-02           7.73526137e-03           2.62025338e+00          -1.38877979e+00           5.33220529e+03           3.12355397e+05           1.19256727e+05          -7.04570015e-04
          -1.16745522e+00           8.59109759e-01           4.70023046e-02           1.85346973e-02           7.22342641e-03           2.56591489e+00          -1.42337220e+00           4.84126293e+03           3.16582446e+05           1.19220268e+05          -7.02950571e-04
          -1.16808479e+00           8.59328747e-01           4.41073401e-02           1.70277116e-02           6.77888193e-03           2.51187612e+00          -1.44722373e+00           4.40338349e+03           3.11467061e+05           1.19189041e+05          -5.81377639e-04
          -1.16872066e+00           8.59501362e-01           4.13641579e-02           1.57047537e-02           6.38292811e-03           2.46043093e+00          -1.45485679e+00           4.09227159e+03           3.01991761e+05           1.19163951e+05          -2.75318959e-04
          -1.16936657e+00           8.59623671e-01           3.87008761e-02           1.45133317e-02           6.01542454e-03           2.41268618e+00          -1.44277690e+00           3.94655575e+03           2.89444125e+05           1.19149529e+05           2.67289052e-04
          -1.17002836e+00           8.59689713e-01           3.67985174e-02           1.35947856e-02           5.74368377e-03           2.36691052e+00          -1.41850410e+00           3.72869418e+03           2.74008343e+05           1.19138464e+05           1.02799847e-03
