               variables=             ss           x_bl          delta        delta_1        delta_2              H             Ue            tke            dps            rho          tau_w
          -7.96901483e-04          -1.64805000e-05           2.58437153e-02          -4.66129679e-03          -7.45212024e-03           6.25499406e-01          -1.16308219e+00           7.98966973e-05          -1.66073861e+01           9.69222663e-01           5.61860593e-02
          -1.58568877e-03           2.70014000e-05           2.60311959e-02          -5.11449494e-03          -8.19502759e-03           6.24097342e-01          -1.12175269e+00           7.99929350e-05          -1.64773002e+01           9.71874329e-01           6.13921157e-02
          -2.37062817e-03           1.14192300e-04           2.63879501e-02          -5.65340234e-03          -9.10509013e-03           6.20905698e-01          -1.07558763e+00           7.95747818e-05          -1.60935122e+01           9.74719242e-01           6.60659349e-02
          -3.15386860e-03           2.45524300e-04           2.66985762e-02          -6.21432628e-03          -1.00862310e-02           6.16119764e-01          -1.02751239e+00           7.92290893e-05          -1.56339569e+01           9.76568840e-01           7.06797981e-02
          -3.93584542e-03           4.21181600e-04           2.65316232e-02          -6.65916607e-03          -1.09015495e-02           6.10845832e-01          -9.81885309e-01           8.01550299e-05          -1.54280651e+01           9.79776672e-01           7.60834406e-02
          -4.71195179e-03           6.41035700e-04           2.68619397e-02          -7.43080983e-03          -1.23385759e-02           6.02242098e-01          -9.22755651e-01           7.96299788e-05          -1.47334885e+01           9.83266683e-01           8.36047306e-02
          -5.47528608e-03           9.12058100e-04           2.71376425e-02          -8.50185888e-03          -1.44812990e-02           5.87092284e-01          -8.49014249e-01           7.93403048e-05          -1.39613824e+01           9.87230320e-01           9.22688537e-02
          -6.23077008e-03           1.24760800e-03           2.79529597e-02          -1.03871229e-02          -1.85317026e-02           5.60505588e-01          -7.50597900e-01           7.77223527e-05          -1.26980411e+01           9.91690695e-01           9.78775570e-02
          -6.99844035e-03           1.66647300e-03           2.84142663e-02          -1.26565075e-02          -2.39771605e-02           5.27856811e-01          -6.49014892e-01           7.70948620e-05          -1.15959930e+01           9.96211275e-01           9.59645389e-02
          -7.80963912e-03           2.18049810e-03           2.85874774e-02          -1.49008608e-02          -2.99105298e-02           4.98181107e-01          -5.61807181e-01           7.70556773e-05          -1.06979610e+01           1.00026982e+00           8.86043016e-02
          -8.67473835e-03           2.78583030e-03           2.85975488e-02          -1.70161517e-02          -3.59598564e-02           4.73198545e-01          -4.89268039e-01           7.72842685e-05          -1.00564324e+01           1.00385322e+00           8.18596908e-02
          -9.56985904e-03           3.46094000e-03           2.86269482e-02          -2.06180149e-02          -4.75694262e-02           4.33429968e-01          -4.03260510e-01           7.72678777e-05          -9.25979227e+00           1.00756295e+00           7.98930876e-02
          -1.04741445e-02           4.21054100e-03           2.86544414e-02          -2.93219689e-02          -8.23757364e-02           3.55953952e-01          -2.85212110e-01           7.70159088e-05          -8.02852996e+00           1.01170611e+00           7.55935923e-02
          -1.14485937e-02           5.09649930e-03           2.87476513e-02          -4.94832711e-02          -1.96437015e-01           2.51904006e-01          -1.67542575e-01           7.62080449e-05          -7.01711330e+00           1.01548378e+00           6.33393883e-02
          -1.25660989e-02           6.16818340e-03           2.78874096e-02          -8.80991066e-02          -5.53528220e-01           1.59159196e-01          -8.72869879e-02           7.67640279e-05          -6.50378132e+00           1.01848399e+00           4.91438468e-02
          -1.38579878e-02           7.44136840e-03           2.74318889e-02          -2.74819319e-01          -4.72674001e+00           5.81414079e-02          -2.57354144e-02           7.62415270e-05          -6.00766120e+00           1.02077385e+00           3.70673011e-02
          -1.51652207e-02           8.74518230e-03           2.62934565e-02           3.34903501e-01          -6.34934895e+00          -5.27461168e-02           1.86539717e-02           7.67151404e-05          -5.61234282e+00           1.02260612e+00           2.83500347e-02
          -1.64704700e-02           1.00500584e-02           2.50053730e-02           9.88163281e-02          -4.96786285e-01          -1.98911144e-01           5.48988591e-02           7.73483987e-05          -5.16588026e+00           1.02407886e+00           2.15274731e-02
          -1.78204773e-02           1.13910269e-02           2.38672045e-02           6.00728973e-02          -1.63799972e-01          -3.66745468e-01           7.76388542e-02           7.79407208e-05          -4.70890864e+00           1.02513336e+00           1.53680788e-02
          -1.92354271e-02           1.27860196e-02           2.28795846e-02           4.48453048e-02          -8.14943865e-02          -5.50287041e-01           8.85581176e-02           7.84956755e-05          -4.29301422e+00           1.02585784e+00           1.10394389e-02
          -2.06546113e-02           1.41751943e-02           2.16110149e-02           3.36873411e-02          -3.98504082e-02          -8.45344944e-01           9.76506963e-02           7.95573691e-05          -3.83360072e+00           1.02645800e+00           8.00575386e-03
          -2.20728167e-02           1.55435810e-02           1.94800310e-02           2.49358020e-02          -1.86812236e-02          -1.33480561e+00           1.00972138e-01           8.25891783e-05          -3.31583130e+00           1.02695709e+00           5.44144360e-03
          -2.35288825e-02           1.69223230e-02           1.74794756e-02           1.82157835e-02          -7.12492515e-03          -2.55662806e+00           1.03062111e-01           8.54764456e-05          -2.70142596e+00           1.02732413e+00           3.32975615e-03
          -2.50370554e-02           1.83244478e-02           1.44962052e-02           1.28184770e-02          -1.88031188e-03          -6.81720791e+00           9.12437252e-02           9.14390545e-05          -2.02284505e+00           1.02765591e+00           1.61779730e-03
          -2.66019073e-02           1.97541881e-02           3.12383989e-04           0.00000000e+00           0.00000000e+00           0.00000000e+00          -4.11826896e-03           2.44168035e-05          -7.52097419e-01           1.02782474e+00           3.50397089e-04
          -2.82297578e-02           2.12176666e-02           1.00921715e-03           4.17545038e-04           1.24240866e-04           3.36077050e+00          -1.73600095e-02           8.32624234e-05           6.71521523e-01           1.02792724e+00           5.97028876e-04
          -2.99260026e-02           2.27207951e-02           1.78885132e-03           6.57463049e-04           2.54140884e-04           2.58700229e+00          -5.04412597e-02           1.07522503e-04           7.44312507e-01           1.02797981e+00           1.26608114e-03
          -3.16969713e-02           2.42714547e-02           2.16424062e-03           7.38399222e-04           2.88914834e-04           2.55576777e+00          -7.70558879e-02           1.02192562e-04           1.09233812e+00           1.02799786e+00           1.73535896e-03
          -3.35474095e-02           2.58779787e-02           2.48185276e-03           8.27653498e-04           3.39153454e-04           2.44035108e+00          -9.96165974e-02           9.43329806e-05           1.13418720e+00           1.02799012e+00           2.06564439e-03
          -3.54746760e-02           2.75433734e-02           2.69403624e-03           9.00204124e-04           3.75847152e-04           2.39513355e+00          -1.19042515e-01           8.74457957e-05           1.14741316e+00           1.02796351e+00           2.29975425e-03
          -3.74722895e-02           2.92636398e-02           2.94553994e-03           9.62490527e-04           4.03044495e-04           2.38805030e+00          -1.36071314e-01           8.07319790e-05           1.14555615e+00           1.02792267e+00           2.46226932e-03
          -3.95397701e-02           3.10387891e-02           3.13304330e-03           1.02181461e-03           4.25831552e-04           2.39957467e+00          -1.51110169e-01           7.50687038e-05           1.07352469e+00           1.02787060e+00           2.56729431e-03
          -4.16782373e-02           3.28704379e-02           3.35361465e-03           1.09651614e-03           4.63197642e-04           2.36727487e+00          -1.64427046e-01           6.98161589e-05           1.02321612e+00           1.02781003e+00           2.62548287e-03
          -4.38896383e-02           3.47611606e-02           3.55217812e-03           1.16076399e-03           4.88359968e-04           2.37686147e+00          -1.76230969e-01           6.50956821e-05           9.41598663e-01           1.02774417e+00           2.64991011e-03
          -4.61763695e-02           3.67141925e-02           3.73429402e-03           1.23640342e-03           5.23178463e-04           2.36325367e+00          -1.86783047e-01           6.08883846e-05           8.66136275e-01           1.02767442e+00           2.64463332e-03
          -4.85409440e-02           3.87331732e-02           3.95545889e-03           1.30565000e-03           5.50787011e-04           2.37051704e+00          -1.96120603e-01           5.69009701e-05           7.95657828e-01           1.02760299e+00           2.62131010e-03
          -5.09854475e-02           4.08216640e-02           4.13967898e-03           1.37427138e-03           5.76228467e-04           2.38494184e+00          -2.04517916e-01           5.33365169e-05           7.18560001e-01           1.02753110e+00           2.58376538e-03
          -5.35112828e-02           4.29824255e-02           4.33394843e-03           1.45429652e-03           6.12746176e-04           2.37340775e+00          -2.12074081e-01           5.00666797e-05           6.59782476e-01           1.02745954e+00           2.53726678e-03
          -5.61204723e-02           4.52187173e-02           4.54237940e-03           1.52629213e-03           6.40436583e-04           2.38320572e+00          -2.18824439e-01           4.70259547e-05           5.95182631e-01           1.02738934e+00           2.48399363e-03
          -5.88150010e-02           4.75340076e-02           4.72302074e-03           1.59751769e-03           6.66300086e-04           2.39759491e+00          -2.24984906e-01           4.42566602e-05           5.44840085e-01           1.02732065e+00           2.42690882e-03
          -6.15964511e-02           4.99316864e-02           4.90800948e-03           1.67883281e-03           7.02881999e-04           2.38849880e+00          -2.30608567e-01           4.17109795e-05           4.98471094e-01           1.02725415e+00           2.37070018e-03
          -6.44654250e-02           5.24145626e-02           5.10926344e-03           1.74922675e-03           7.30060904e-04           2.39600113e+00          -2.35681064e-01           3.93654883e-05           4.58411610e-01           1.02718996e+00           2.31858349e-03
          -6.74195533e-02           5.49826771e-02           5.28211420e-03           1.81500803e-03           7.54814483e-04           2.40457499e+00          -2.40389958e-01           3.72198585e-05           4.26076113e-01           1.02712801e+00           2.27469908e-03
          -7.04551908e-02           5.76327853e-02           5.43654066e-03           1.87798628e-03           7.77554271e-04           2.41524785e+00          -2.44787751e-01           3.52412103e-05           3.92508652e-01           1.02709371e+00           2.23263961e-03
          -7.35718103e-02           6.03634603e-02           5.61369684e-03           1.95396335e-03           8.13297210e-04           2.40252067e+00          -2.48781019e-01           3.34108351e-05           3.60288292e-01           1.02703529e+00           2.18615342e-03
          -7.67705852e-02           6.31745607e-02           5.79692280e-03           2.02270293e-03           8.38881315e-04           2.41119083e+00          -2.52382058e-01           3.16944155e-05           3.26109108e-01           1.02697952e+00           2.13216529e-03
          -8.00548484e-02           6.60676360e-02           5.97593738e-03           2.09742611e-03           8.65088876e-04           2.42452095e+00          -2.55644798e-01           3.00597437e-05           2.88759670e-01           1.02692665e+00           2.06666435e-03
          -8.34329189e-02           6.90496787e-02           6.15730367e-03           2.17986286e-03           8.92438609e-04           2.44259139e+00          -2.58573311e-01           2.85029267e-05           2.55665458e-01           1.02687692e+00           1.98966057e-03
          -8.69117545e-02           7.21290112e-02           6.34053378e-03           2.26703041e-03           9.20546120e-04           2.46270160e+00          -2.61180018e-01           2.70397318e-05           2.20627160e-01           1.02683051e+00           1.91108850e-03
          -9.79938219e-02           8.20161849e-02           6.97437547e-03           2.54958657e-03           1.02956391e-03           2.47637524e+00          -2.66989256e-01           2.35182983e-05           1.56021019e-01           1.02670898e+00           1.71843826e-03
          -1.01905859e-01           8.55384469e-02           7.16753465e-03           2.63748432e-03           1.05981104e-03           2.48863639e+00          -2.68543911e-01           2.26435044e-05           1.43297465e-01           1.02667402e+00           1.65943360e-03
          -1.05922852e-01           8.91719013e-02           7.35728052e-03           2.72499330e-03           1.08991127e-03           2.50019738e+00          -2.69926633e-01           2.18868713e-05           1.25348485e-01           1.02664159e+00           1.60511770e-03
          -1.10045615e-01           9.29177627e-02           7.54577721e-03           2.81344670e-03           1.11993271e-03           2.51215691e+00          -2.71141148e-01           2.12254487e-05           1.13844559e-01           1.02661153e+00           1.55218121e-03
          -1.14275456e-01           9.67775211e-02           7.73540204e-03           2.90411410e-03           1.15013376e-03           2.52502291e+00          -2.72185554e-01           2.06345897e-05           9.79855130e-02           1.02658371e+00           1.49898045e-03
          -1.18614965e-01           1.00753687e-01           7.92940147e-03           2.99920917e-03           1.18092273e-03           2.53971670e+00          -2.73060474e-01           2.00898434e-05           8.47272131e-02           1.02655797e+00           1.44331457e-03
          -1.23069215e-01           1.04851082e-01           8.13593823e-03           3.11977928e-03           1.23195977e-03           2.53237108e+00          -2.73753178e-01           1.95777257e-05           7.20840635e-02           1.02653419e+00           1.38421395e-03
          -1.27648389e-01           1.09081328e-01           8.35912319e-03           3.22882335e-03           1.26753040e-03           2.54733406e+00          -2.74255296e-01           1.91048198e-05           6.13486375e-02           1.02651220e+00           1.32535512e-03
          -1.32356663e-01           1.13453083e-01           8.57702082e-03           3.33509161e-03           1.30302268e-03           2.55950389e+00          -2.74666305e-01           1.86908779e-05           5.62169921e-02           1.02649177e+00           1.27638033e-03
          -1.37189470e-01           1.17966808e-01           8.77900421e-03           3.43031920e-03           1.33681230e-03           2.56604401e+00          -2.75011603e-01           1.83658848e-05           5.32579211e-02           1.02647250e+00           1.24173105e-03
          -1.42134203e-01           1.22611262e-01           8.96526568e-03           3.51547421e-03           1.36847149e-03           2.56890571e+00          -2.75302425e-01           1.81464547e-05           5.11469747e-02           1.02645402e+00           1.21550654e-03
          -1.47187322e-01           1.27381116e-01           9.14494899e-03           3.59829864e-03           1.39888476e-03           2.57226237e+00          -2.75544605e-01           1.80295981e-05           4.93708877e-02           1.02643609e+00           1.18845928e-03
          -1.52353708e-01           1.32279724e-01           9.32533700e-03           3.68417347e-03           1.42910595e-03           2.57795684e+00          -2.75743451e-01           1.79995732e-05           4.47548270e-02           1.02641859e+00           1.15756409e-03
          -1.57638659e-01           1.37313083e-01           9.50594592e-03           3.77211990e-03           1.45934408e-03           2.58480501e+00          -2.75909852e-01           1.80365514e-05           4.33490028e-02           1.02640139e+00           1.12677316e-03
          -1.63046201e-01           1.42486557e-01           9.68451470e-03           3.85997711e-03           1.48943191e-03           2.59157675e+00          -2.76066086e-01           1.81227588e-05           4.26254808e-02           1.02638433e+00           1.09779321e-03
          -1.68578533e-01           1.47805139e-01           9.85189375e-03           3.93941951e-03           1.51842346e-03           2.59441427e+00          -2.76237810e-01           1.82466268e-05           4.23096716e-02           1.02636722e+00           1.07769839e-03
          -1.74226031e-01           1.53262302e-01           9.99642041e-03           4.00155672e-03           1.54450064e-03           2.59084174e+00          -2.76437004e-01           1.84002777e-05           4.94600900e-02           1.02634977e+00           1.06979571e-03
          -1.79968949e-01           1.58836782e-01           1.01237189e-02           4.05306940e-03           1.56766952e-03           2.58541061e+00          -2.76674953e-01           1.85858902e-05           4.72999006e-02           1.02633167e+00           1.06514841e-03
          -1.85810522e-01           1.64527357e-01           1.02526836e-02           4.10895450e-03           1.59042338e-03           2.58356017e+00          -2.76963574e-01           1.88212181e-05           5.32902080e-02           1.02631287e+00           1.05479246e-03
          -1.91770064e-01           1.70354351e-01           1.03770640e-02           4.16279044e-03           1.61232824e-03           2.58185048e+00          -2.77318975e-01           1.91373769e-05           5.54557034e-02           1.02629344e+00           1.04337202e-03
          -1.97832422e-01           1.76306441e-01           1.04685233e-02           4.19174233e-03           1.63012789e-03           2.57141931e+00          -2.77752205e-01           1.95656359e-05           5.76071550e-02           1.02627319e+00           1.05187087e-03
          -2.03964046e-01           1.82346404e-01           1.05449991e-02           4.21303762e-03           1.64494876e-03           2.56119687e+00          -2.78271024e-01           2.00892553e-05           6.95654227e-02           1.02625180e+00           1.06122180e-03
          -2.10179963e-01           1.88483641e-01           1.06341930e-02           4.24737230e-03           1.66047218e-03           2.55793043e+00          -2.78859144e-01           2.06697340e-05           6.48039026e-02           1.02622950e+00           1.05399116e-03
          -2.16501195e-01           1.94740877e-01           1.07144759e-02           4.27652851e-03           1.67466047e-03           2.55366900e+00          -2.79508408e-01           2.12829682e-05           6.55543679e-02           1.02620659e+00           1.05133926e-03
          -2.22893370e-01           2.01084152e-01           1.07726414e-02           4.29059988e-03           1.68587083e-03           2.54503477e+00          -2.80209819e-01           2.19111762e-05           7.41316447e-02           1.02618282e+00           1.06293046e-03
          -2.29349735e-01           2.07501084e-01           1.08465809e-02           4.31883062e-03           1.69873865e-03           2.54237497e+00          -2.80948524e-01           2.25332721e-05           6.88047002e-02           1.02615831e+00           1.06022294e-03
          -2.35920926e-01           2.14042321e-01           1.09263761e-02           4.35274787e-03           1.71207502e-03           2.54238150e+00          -2.81730915e-01           2.31489796e-05           6.86827888e-02           1.02613365e+00           1.04893446e-03
          -2.42566588e-01           2.20670268e-01           1.09507886e-02           4.34211698e-03           1.71895157e-03           2.52602636e+00          -2.82547049e-01           2.37806288e-05           7.80385679e-02           1.02610850e+00           1.07857363e-03
          -2.49218760e-01           2.27310613e-01           1.09858890e-02           4.34540177e-03           1.72522877e-03           2.51873946e+00          -2.83386443e-01           2.43960789e-05           7.12793411e-02           1.02608251e+00           1.08596640e-03
          -2.55962103e-01           2.34044403e-01           1.10871442e-02           4.40400234e-03           1.73927711e-03           2.53208780e+00          -2.84192390e-01           2.49729675e-05           6.34152646e-02           1.02610717e+00           1.05019854e-03
          -2.62830234e-01           2.40907639e-01           1.11892691e-02           4.45990046e-03           1.75542735e-03           2.54063516e+00          -2.84967602e-01           2.55593431e-05           6.34517433e-02           1.02608286e+00           1.03391022e-03
          -2.69775610e-01           2.47851714e-01           1.12666372e-02           4.49340387e-03           1.76955920e-03           2.53927863e+00          -2.85722985e-01           2.61838208e-05           6.30238521e-02           1.02605864e+00           1.03541437e-03
          -2.76783712e-01           2.54859775e-01           1.13387013e-02           4.52335031e-03           1.78244231e-03           2.53772606e+00          -2.86459316e-01           2.67944175e-05           6.16936475e-02           1.02603419e+00           1.03316357e-03
          -2.83859892e-01           2.61935592e-01           1.14219486e-02           4.56542583e-03           1.79624200e-03           2.54165409e+00          -2.86961560e-01           2.73334052e-05           5.93241899e-02           1.02600956e+00           1.02032892e-03
          -2.91025673e-01           2.69099295e-01           1.15142296e-02           4.58376164e-03           1.77839422e-03           2.57747218e+00          -2.87113016e-01           2.78035215e-05           5.59575126e-02           1.02598478e+00           1.00235250e-03
          -2.98285243e-01           2.76352942e-01           1.16005967e-02           4.63064515e-03           1.79393888e-03           2.58127253e+00          -2.86821635e-01           2.82301998e-05           5.73387321e-02           1.02595973e+00           9.90107912e-04
          -3.05625841e-01           2.83680856e-01           1.16638058e-02           4.66116787e-03           1.80697408e-03           2.57954329e+00          -2.86110437e-01           2.86136256e-05           5.61965054e-02           1.02593400e+00           9.83924454e-04
          -3.13024984e-01           2.91058719e-01           1.17143482e-02           4.68504112e-03           1.81816468e-03           2.57679691e+00          -2.85126154e-01           2.89260196e-05           5.62891917e-02           1.02590705e+00           9.79542917e-04
          -3.20486610e-01           2.98490733e-01           1.17908873e-02           4.73532275e-03           1.83180410e-03           2.58505959e+00          -2.83894237e-01           2.91540962e-05           5.57322285e-02           1.02587854e+00           9.55786619e-04
          -3.28091382e-01           3.06055129e-01           1.18855942e-02           4.80601915e-03           1.84939104e-03           2.59870359e+00          -2.81701347e-01           2.93638497e-05           5.52158456e-02           1.02584869e+00           9.19991206e-04
          -3.35830945e-01           3.13726842e-01           1.18752163e-02           4.80030212e-03           1.85618955e-03           2.58610556e+00          -2.78420052e-01           2.96531254e-05           7.26640477e-02           1.02581665e+00           9.29909681e-04
          -3.43579552e-01           3.21376651e-01           1.20757296e-02           4.79914758e-03           1.88123234e-03           2.55106585e+00          -2.94068052e-01           3.00750046e-05           9.07021369e-02           1.02578084e+00           1.02240326e-03
          -3.51347201e-01           3.29016417e-01           1.20316220e-02           4.73531177e-03           1.87774379e-03           2.52180931e+00          -2.95625710e-01           3.04628186e-05           1.00563231e-01           1.02574074e+00           1.06405731e-03
          -3.59130870e-01           3.36639970e-01           1.19650585e-02           4.66020230e-03           1.86883736e-03           2.49363716e+00          -2.97481352e-01           3.08422984e-05           1.16554415e-01           1.02569660e+00           1.11064943e-03
          -3.66917058e-01           3.44231516e-01           1.18778143e-02           4.57496270e-03           1.85513944e-03           2.46610180e+00          -2.99619903e-01           3.12259996e-05           1.29371366e-01           1.02564847e+00           1.16221507e-03
          -3.74694490e-01           3.51779670e-01           1.17809614e-02           4.48858972e-03           1.83807086e-03           2.44201125e+00          -3.02022360e-01           3.15955898e-05           1.38120153e-01           1.02559663e+00           1.21140578e-03
          -3.82456640e-01           3.59278828e-01           1.16830381e-02           4.40708054e-03           1.81929498e-03           2.42241120e+00          -3.04643943e-01           3.19243805e-05           1.46445805e-01           1.02554158e+00           1.25683791e-03
          -3.90200574e-01           3.66728216e-01           1.15963270e-02           4.33888389e-03           1.80111973e-03           2.40899248e+00          -3.07425024e-01           3.21852397e-05           1.50323869e-01           1.02548392e+00           1.29398410e-03
          -3.97930676e-01           3.74135077e-01           1.15360206e-02           4.29351985e-03           1.78645378e-03           2.40337583e+00          -3.10292195e-01           3.23580895e-05           1.49102895e-01           1.02542435e+00           1.31662491e-03
          -4.05665067e-01           3.81518692e-01           1.15106664e-02           4.27436670e-03           1.77742999e-03           2.40480172e+00          -3.13168589e-01           3.24393531e-05           1.44187956e-01           1.02536367e+00           1.32441409e-03
          -4.13419994e-01           3.88890743e-01           1.15088249e-02           4.27042983e-03           1.77297946e-03           2.40861777e+00          -3.16021596e-01           3.24435153e-05           1.42470023e-01           1.02530246e+00           1.32836268e-03
          -4.21197001e-01           3.96247029e-01           1.15142461e-02           4.26881874e-03           1.77064265e-03           2.41088666e+00          -3.18862879e-01           3.23912816e-05           1.42400726e-01           1.02524070e+00           1.33636741e-03
          -4.28985462e-01           4.03573602e-01           1.15183352e-02           4.26406796e-03           1.76866447e-03           2.41089705e+00          -3.21714684e-01           3.22941641e-05           1.42035138e-01           1.02529301e+00           1.34915713e-03
          -4.36779735e-01           4.10864651e-01           1.15266555e-02           4.26025562e-03           1.76757209e-03           2.41023019e+00          -3.24588597e-01           3.21480757e-05           1.44197474e-01           1.02523135e+00           1.36284541e-03
          -4.44579649e-01           4.18119997e-01           1.15456651e-02           4.26249585e-03           1.76794716e-03           2.41098599e+00          -3.27480726e-01           3.19412150e-05           1.41160004e-01           1.02516859e+00           1.37046108e-03
          -4.52389315e-01           4.25343394e-01           1.15786396e-02           4.27394394e-03           1.77038231e-03           2.41413616e+00          -3.30386359e-01           3.16683719e-05           1.39937079e-01           1.02510435e+00           1.37295217e-03
          -4.60218971e-01           4.32544142e-01           1.16376664e-02           4.30368528e-03           1.77678329e-03           2.42217793e+00          -3.33341977e-01           3.13503719e-05           1.42095672e-01           1.02503816e+00           1.36413920e-03
          -4.68109255e-01           4.39750940e-01           1.17072427e-02           4.33598325e-03           1.78611483e-03           2.42760610e+00          -3.36378175e-01           3.10671927e-05           1.47369724e-01           1.02497003e+00           1.36017527e-03
          -4.76044624e-01           4.46912319e-01           1.16967505e-02           4.30411645e-03           1.78512095e-03           2.41110634e+00          -3.39570386e-01           3.09061619e-05           1.70611835e-01           1.02489833e+00           1.41487668e-03
          -4.83915689e-01           4.53932762e-01           1.16237336e-02           4.22799981e-03           1.77320345e-03           2.38438505e+00          -3.43067383e-01           3.08438878e-05           1.93527326e-01           1.02482085e+00           1.49623846e-03
          -4.91731046e-01           4.60844785e-01           1.15602240e-02           4.16660286e-03           1.75924171e-03           2.36840841e+00          -3.46917975e-01           3.07848137e-05           2.01468118e-01           1.02473710e+00           1.54707810e-03
          -4.99523975e-01           4.67682898e-01           1.15204118e-02           4.12622977e-03           1.74787767e-03           2.36070856e+00          -3.50993368e-01           3.07119474e-05           2.14739765e-01           1.02464826e+00           1.58149967e-03
          -5.07308206e-01           4.74443972e-01           1.14703483e-02           4.07854109e-03           1.73545624e-03           2.35012614e+00          -3.55257550e-01           3.06901741e-05           2.30522310e-01           1.02455456e+00           1.63143039e-03
          -5.15052476e-01           4.81093407e-01           1.13940717e-02           4.01244453e-03           1.71892681e-03           2.33427305e+00          -3.59755457e-01           3.07515646e-05           2.47692987e-01           1.02445526e+00           1.70079624e-03
          -5.22736366e-01           4.87619489e-01           1.13065787e-02           3.94183030e-03           1.69950927e-03           2.31939323e+00          -3.64538471e-01           3.08621098e-05           2.67889712e-01           1.02434957e+00           1.77128161e-03
          -5.30364168e-01           4.94037211e-01           1.12330209e-02           3.88502472e-03           1.68138907e-03           2.31060424e+00          -3.69579098e-01           3.09935747e-05           2.79420207e-01           1.02423789e+00           1.82536158e-03
          -5.37958384e-01           5.00359118e-01           1.11583640e-02           3.82845832e-03           1.66342089e-03           2.30155720e+00          -3.74825800e-01           3.11759962e-05           3.00730725e-01           1.02412087e+00           1.88702201e-03
          -5.45494945e-01           5.06555021e-01           1.10592827e-02           3.75546336e-03           1.64176765e-03           2.28745119e+00          -3.80297955e-01           3.14495433e-05           3.24310877e-01           1.02399824e+00           1.97321645e-03
          -5.52951347e-01           5.12613296e-01           1.09436054e-02           3.67448500e-03           1.61672632e-03           2.27279345e+00          -3.86036688e-01           3.18037638e-05           3.43217137e-01           1.02386943e+00           2.06671352e-03
          -5.60318738e-01           5.18540502e-01           1.08378058e-02           3.60424198e-03           1.59245411e-03           2.26332549e+00          -3.92007192e-01           3.21859639e-05           3.59963971e-01           1.02373483e+00           2.14557593e-03
          -5.67611398e-01           5.24361491e-01           1.07622306e-02           3.55606093e-03           1.57293201e-03           2.26078490e+00          -3.98088926e-01           3.25567801e-05           3.62834030e-01           1.02359570e+00           2.19871995e-03
          -5.74847464e-01           5.30091345e-01           1.07118618e-02           3.52475797e-03           1.55797657e-03           2.26239472e+00          -4.04183270e-01           3.29073041e-05           3.64906288e-01           1.02367241e+00           2.23699524e-03
          -5.82032124e-01           5.35732925e-01           1.06815513e-02           3.50567261e-03           1.54703499e-03           2.26605903e+00          -4.10277780e-01           3.32547389e-05           3.71731249e-01           1.02352856e+00           2.26905989e-03
          -5.89175777e-01           5.41294694e-01           1.06717172e-02           3.49773595e-03           1.54029861e-03           2.27081680e+00          -4.16393066e-01           3.36380168e-05           3.79281264e-01           1.02338153e+00           2.29486093e-03
          -5.96300043e-01           5.46778083e-01           1.06529971e-02           3.48064483e-03           1.53326366e-03           2.27008891e+00          -4.22567517e-01           3.41207948e-05           4.02374411e-01           1.02323112e+00           2.34295671e-03
          -6.03373514e-01           5.52132308e-01           1.05707795e-02           3.41850551e-03           1.51674248e-03           2.25384702e+00          -4.28925005e-01           3.47613684e-05           4.44062597e-01           1.02307495e+00           2.46898991e-03
          -6.10329731e-01           5.57325125e-01           1.04572631e-02           3.33961177e-03           1.49345337e-03           2.23616742e+00          -4.35633976e-01           3.55094970e-05           4.73766262e-01           1.02291070e+00           2.60572383e-03
          -6.17184854e-01           5.62405825e-01           1.03774725e-02           3.28929541e-03           1.47391201e-03           2.23167692e+00          -4.42596190e-01           3.62505681e-05           4.84000576e-01           1.02273978e+00           2.67689681e-03
          -6.23979095e-01           5.67404807e-01           1.03259919e-02           3.25907248e-03           1.45936382e-03           2.23321453e+00          -4.49587516e-01           3.69486524e-05           4.92687077e-01           1.02256523e+00           2.72618691e-03
          -6.30713005e-01           5.72313487e-01           1.02799908e-02           3.23090060e-03           1.44673042e-03           2.23324300e+00          -4.56556594e-01           3.76523672e-05           5.05065939e-01           1.02238779e+00           2.78860709e-03
          -6.37380877e-01           5.77128589e-01           1.02371711e-02           3.20390644e-03           1.43507027e-03           2.23257809e+00          -4.63532333e-01           3.83964477e-05           5.15798541e-01           1.02220718e+00           2.85278643e-03
          -6.43983389e-01           5.81853628e-01           1.01991470e-02           3.17982593e-03           1.42440530e-03           2.23238843e+00          -4.70519397e-01           3.91727441e-05           5.27464564e-01           1.02202338e+00           2.91349511e-03
          -6.50522960e-01           5.86492777e-01           1.01672554e-02           3.15985073e-03           1.41498264e-03           2.23313746e+00          -4.77517164e-01           3.99610908e-05           5.39419653e-01           1.02183639e+00           2.96973152e-03
          -6.57005256e-01           5.91050863e-01           1.01410613e-02           3.14347402e-03           1.40683848e-03           2.23442426e+00          -4.84526174e-01           4.07594004e-05           5.52956187e-01           1.02164625e+00           3.02271671e-03
          -6.63433138e-01           5.95525801e-01           1.01111883e-02           3.12399533e-03           1.39856248e-03           2.23371882e+00          -4.91559036e-01           4.15914139e-05           5.72698944e-01           1.02145276e+00           3.08812116e-03
          -6.69798519e-01           5.99908769e-01           1.00698286e-02           3.09664370e-03           1.38864638e-03           2.22997283e+00          -4.98656388e-01           4.24768423e-05           5.95578842e-01           1.02125512e+00           3.17342221e-03
          -6.76092438e-01           6.04199350e-01           1.00244141e-02           3.06753344e-03           1.37788816e-03           2.22625720e+00          -5.05847330e-01           4.34015445e-05           6.15832512e-01           1.02105272e+00           3.25902563e-03
          -6.82318367e-01           6.08407438e-01           9.98491241e-03           3.04381876e-03           1.36794711e-03           2.22509974e+00          -5.13104330e-01           4.43325137e-05           6.32278601e-01           1.02084594e+00           3.32966637e-03
          -6.88484243e-01           6.12539232e-01           9.96004240e-03           3.03787926e-03           1.37397880e-03           2.21100884e+00          -5.20392749e-01           4.52561044e-05           6.48880802e-01           1.02063542e+00           3.39568330e-03
          -6.94590664e-01           6.16593242e-01           9.94037389e-03           3.01795410e-03           1.36615894e-03           2.20907979e+00          -5.27705688e-01           4.61792397e-05           6.68188933e-01           1.02081125e+00           3.46863769e-03
          -7.00634406e-01           6.20568037e-01           9.91792221e-03           2.99663776e-03           1.35807350e-03           2.20653578e+00          -5.35054205e-01           4.71093940e-05           6.87924097e-01           1.02059735e+00           3.54683085e-03
          -7.06614942e-01           6.24466002e-01           9.89491551e-03           2.97563669e-03           1.34996170e-03           2.20423785e+00          -5.42441614e-01           4.80443015e-05           7.07031723e-01           1.02037964e+00           3.62482460e-03
          -7.12533324e-01           6.28290117e-01           9.87257478e-03           2.95582380e-03           1.34207084e-03           2.20243501e+00          -5.49855063e-01           4.89754410e-05           7.25276663e-01           1.02015833e+00           3.70035236e-03
          -7.18390699e-01           6.32042825e-01           9.85164355e-03           2.93738530e-03           1.33456026e-03           2.20101362e+00          -5.57283735e-01           4.98955555e-05           7.42312597e-01           1.01993366e+00           3.77494016e-03
          -7.24188191e-01           6.35726452e-01           9.83232569e-03           2.92045321e-03           1.32746455e-03           2.20002351e+00          -5.64717101e-01           5.08006992e-05           7.58567181e-01           1.01970584e+00           3.84699225e-03
          -7.29927048e-01           6.39343321e-01           9.81513862e-03           2.90531006e-03           1.32088705e-03           2.19951438e+00          -5.72148374e-01           5.16877608e-05           7.74246411e-01           1.01947499e+00           3.91578480e-03
          -7.35609136e-01           6.42895997e-01           9.80047134e-03           2.89215678e-03           1.31490127e-03           2.19952391e+00          -5.79571324e-01           5.25556825e-05           7.89669726e-01           1.01924117e+00           3.98028004e-03
          -7.41237013e-01           6.46386445e-01           9.78761768e-03           2.88037473e-03           1.30945125e-03           2.19968077e+00          -5.86987459e-01           5.34067064e-05           8.06167440e-01           1.01900427e+00           4.04444752e-03
          -7.46811876e-01           6.49814963e-01           9.77448589e-03           2.86861924e-03           1.30421067e-03           2.19950603e+00          -5.94406813e-01           5.42460851e-05           8.25827473e-01           1.01876396e+00           4.11242848e-03
          -7.52334052e-01           6.53181315e-01           9.75906739e-03           2.85575925e-03           1.29882943e-03           2.19871769e+00          -6.01848223e-01           5.50818077e-05           8.49129619e-01           1.01851969e+00           4.18581482e-03
          -7.57803134e-01           6.56484842e-01           9.73965727e-03           2.84085649e-03           1.29299813e-03           2.19710797e+00          -6.09332367e-01           5.59205247e-05           8.76210741e-01           1.01827084e+00           4.26746760e-03
          -7.63217810e-01           6.59724534e-01           9.71466620e-03           2.82305814e-03           1.28639123e-03           2.19455643e+00          -6.16879468e-01           5.67654652e-05           9.06687313e-01           1.01801685e+00           4.35921381e-03
          -7.68575584e-01           6.62900031e-01           9.68448557e-03           2.80284994e-03           1.27899270e-03           2.19145108e+00          -6.24503619e-01           5.76134165e-05           9.38258139e-01           1.01775732e+00           4.45725246e-03
          -7.73875558e-01           6.66012943e-01           9.65097225e-03           2.78159212e-03           1.27108011e-03           2.18836885e+00          -6.32205951e-01           5.84556967e-05           9.69369278e-01           1.01749213e+00           4.55927239e-03
          -7.79117678e-01           6.69065416e-01           9.61583653e-03           2.76037778e-03           1.26291048e-03           2.18572720e+00          -6.39976740e-01           5.92823100e-05           9.99137962e-01           1.01722156e+00           4.65928317e-03
          -7.84302331e-01           6.72059655e-01           9.58020011e-03           2.73983643e-03           1.25472625e-03           2.18361290e+00          -6.47799746e-01           6.00846639e-05           1.02683401e+00           1.01694594e+00           4.75698634e-03
          -7.89430437e-01           6.74998164e-01           9.54547650e-03           2.72070331e-03           1.24677811e-03           2.18218726e+00          -6.55660438e-01           6.08569608e-05           1.05287689e+00           1.01666571e+00           4.85154991e-03
          -7.94503641e-01           6.77883387e-01           9.51678605e-03           2.71170293e-03           1.24858894e-03           2.17181399e+00          -6.63543430e-01           6.15983319e-05           1.07752380e+00           1.01638130e+00           4.94078426e-03
          -7.99523125e-01           6.80716813e-01           9.50162392e-03           2.69580521e-03           1.24205024e-03           2.17044780e+00          -6.71439879e-01           6.23120771e-05           1.10176167e+00           1.01609298e+00           5.02863767e-03
          -8.04489762e-01           6.83499694e-01           9.48679753e-03           2.68072882e-03           1.23578883e-03           2.16924508e+00          -6.79341954e-01           6.29988438e-05           1.12627003e+00           1.01580091e+00           5.11830396e-03
          -8.09404294e-01           6.86233222e-01           9.47182270e-03           2.66624260e-03           1.22971894e-03           2.16817235e+00          -6.87247994e-01           6.36621862e-05           1.15132818e+00           1.01550514e+00           5.20677411e-03
          -8.14267456e-01           6.88918531e-01           9.45664833e-03           2.65223409e-03           1.22379809e-03           2.16721542e+00          -6.95160103e-01           6.43044528e-05           1.17692700e+00           1.01588105e+00           5.29440064e-03
          -8.19079909e-01           6.91556632e-01           9.44093884e-03           2.63855916e-03           1.21802751e-03           2.16625580e+00          -7.03078829e-01           6.49269168e-05           1.20358012e+00           1.01558326e+00           5.38539838e-03
          -8.23842404e-01           6.94148540e-01           9.42452650e-03           2.62509010e-03           1.21232233e-03           2.16534005e+00          -7.11008548e-01           6.55312981e-05           1.23158211e+00           1.01528149e+00           5.47574831e-03
          -8.28555352e-01           6.96694910e-01           9.40686660e-03           2.61152996e-03           1.20660267e-03           2.16436613e+00          -7.18952076e-01           6.61194352e-05           1.26097453e+00           1.01497559e+00           5.56734058e-03
          -8.33219137e-01           6.99196398e-01           9.38781074e-03           2.59768792e-03           1.20086681e-03           2.16317738e+00          -7.26916190e-01           6.66934796e-05           1.29215479e+00           1.01466530e+00           5.66512209e-03
          -8.37833996e-01           7.01653659e-01           9.36686320e-03           2.58345504e-03           1.19499489e-03           2.16189632e+00          -7.34904754e-01           6.72565741e-05           1.32539731e+00           1.01435037e+00           5.76583896e-03
          -8.42399965e-01           7.04067171e-01           9.34353971e-03           2.56851461e-03           1.18888811e-03           2.16043426e+00          -7.42921273e-01           6.78116888e-05           1.36004155e+00           1.01403068e+00           5.86798857e-03
          -8.46916599e-01           7.06437349e-01           9.31792457e-03           2.55286721e-03           1.18255004e-03           2.15878155e+00          -7.50968526e-01           6.83600401e-05           1.39486311e+00           1.01370621e+00           5.97539068e-03
          -8.51383774e-01           7.08765387e-01           9.29081229e-03           2.53707404e-03           1.17610112e-03           2.15719039e+00          -7.59044496e-01           6.89004742e-05           1.42903000e+00           1.01337704e+00           6.08649940e-03
          -8.55801808e-01           7.11052775e-01           9.26311614e-03           2.52162619e-03           1.16964312e-03           2.15589367e+00          -7.67141685e-01           6.94305407e-05           1.46150670e+00           1.01304347e+00           6.19437396e-03
          -8.60171313e-01           7.13301063e-01           9.23548406e-03           2.50691449e-03           1.16330131e-03           2.15500014e+00          -7.75248123e-01           6.99467881e-05           1.49187641e+00           1.01270601e+00           6.29773470e-03
          -8.64493087e-01           7.15511858e-01           9.20896399e-03           2.49336446e-03           1.15724299e-03           2.15457297e+00          -7.83353902e-01           7.04452674e-05           1.51958898e+00           1.01236511e+00           6.39812857e-03
          -8.68768167e-01           7.17686772e-01           9.18408879e-03           2.48131574e-03           1.15160027e-03           2.15466755e+00          -7.91447646e-01           7.09241166e-05           1.54553103e+00           1.01202111e+00           6.49309559e-03
          -8.72998388e-01           7.19827533e-01           9.16122820e-03           2.47084467e-03           1.14639255e-03           2.15532164e+00          -7.99522677e-01           7.13847450e-05           1.57173498e+00           1.01167430e+00           6.57837916e-03
          -8.77185138e-01           7.21934617e-01           9.13931775e-03           2.46118477e-03           1.14152586e-03           2.15604820e+00          -8.07576680e-01           7.18320844e-05           1.59940121e+00           1.01132458e+00           6.66468894e-03
          -8.81329064e-01           7.24008143e-01           9.11741325e-03           2.45165410e-03           1.13685003e-03           2.15653256e+00          -8.15618733e-01           7.22745379e-05           1.63089175e+00           1.01097151e+00           6.75584226e-03
          -8.85430571e-01           7.26048052e-01           9.10838517e-03           2.44737652e-03           1.13873711e-03           2.14920239e+00          -8.23663360e-01           7.27256548e-05           1.66701677e+00           1.01061450e+00           6.85311661e-03
          -8.89489615e-01           7.28054047e-01           9.09934753e-03           2.43667700e-03           1.13435008e-03           2.14808200e+00          -8.31724384e-01           7.31926916e-05           1.70837875e+00           1.01025276e+00           6.95831102e-03
          -8.93506033e-01           7.30025947e-01           9.08624931e-03           2.42447462e-03           1.12956195e-03           2.14638482e+00          -8.39814580e-01           7.36829106e-05           1.75441792e+00           1.00988569e+00           7.07393652e-03
          -8.97478816e-01           7.31963277e-01           9.06858129e-03           2.41047006e-03           1.12425029e-03           2.14406887e+00          -8.47946889e-01           7.42010859e-05           1.80325242e+00           1.00951279e+00           7.20361063e-03
          -9.01406791e-01           7.33866453e-01           9.04705286e-03           2.39516929e-03           1.11845389e-03           2.14150025e+00          -8.56128976e-01           7.47473597e-05           1.85260583e+00           1.00913375e+00           7.33852479e-03
          -9.05289808e-01           7.35736847e-01           9.02304577e-03           2.37952195e-03           1.11235318e-03           2.13917845e+00          -8.64355581e-01           7.53171745e-05           1.90026999e+00           1.00973894e+00           7.47228060e-03
          -9.09128037e-01           7.37575710e-01           8.99772297e-03           2.36402219e-03           1.10612212e-03           2.13721627e+00          -8.72613931e-01           7.59033922e-05           1.94424986e+00           1.00935203e+00           7.60416045e-03
          -9.12921854e-01           7.39384472e-01           8.97217803e-03           2.34916448e-03           1.09994134e-03           2.13571797e+00          -8.80888472e-01           7.64983532e-05           1.98409999e+00           1.00896067e+00           7.73113421e-03
          -9.16671942e-01           7.41164684e-01           8.94757309e-03           2.33547573e-03           1.09399376e-03           2.13481632e+00          -8.89161849e-01           7.70951625e-05           2.01918071e+00           1.00856584e+00           7.85119347e-03
          -9.20379157e-01           7.42917776e-01           8.92458142e-03           2.32327592e-03           1.08841080e-03           2.13455795e+00          -8.97415799e-01           7.76888975e-05           2.05046053e+00           1.00816853e+00           7.96353297e-03
          -9.24044921e-01           7.44645059e-01           8.90343831e-03           2.31252283e-03           1.08322888e-03           2.13484230e+00          -9.05636359e-01           7.82775646e-05           2.07926868e+00           1.00776941e+00           8.06502610e-03
          -9.27670216e-01           7.46347308e-01           8.88374224e-03           2.30294594e-03           1.07842988e-03           2.13546192e+00          -9.13812744e-01           7.88620134e-05           2.10662437e+00           1.00736899e+00           8.16253124e-03
          -9.31255780e-01           7.48025000e-01           8.86519994e-03           2.29422731e-03           1.07396764e-03           2.13621642e+00          -9.21941527e-01           7.94454757e-05           2.13401015e+00           1.00696749e+00           8.25867398e-03
          -9.34802187e-01           7.49678492e-01           8.84718124e-03           2.28601427e-03           1.06975295e-03           2.13695533e+00          -9.30022604e-01           8.00324585e-05           2.16168035e+00           1.00656485e+00           8.35526246e-03
          -9.38309990e-01           7.51308322e-01           8.82967372e-03           2.27829921e-03           1.06575320e-03           2.13773623e+00          -9.38058966e-01           8.06276793e-05           2.19068652e+00           1.00616092e+00           8.44952863e-03
          -9.41779574e-01           7.52914727e-01           8.81228782e-03           2.27085759e-03           1.06191864e-03           2.13844782e+00          -9.46052512e-01           8.12356524e-05           2.22071306e+00           1.00575560e+00           8.54635925e-03
          -9.45211382e-01           7.54498065e-01           8.79483349e-03           2.26358283e-03           1.05820077e-03           2.13908636e+00          -9.54008663e-01           8.18603587e-05           2.25257610e+00           1.00534866e+00           8.64384696e-03
          -9.48605855e-01           7.56058752e-01           8.77726835e-03           2.25646762e-03           1.05456990e-03           2.13970417e+00          -9.61931078e-01           8.25052742e-05           2.28601923e+00           1.00493980e+00           8.73946938e-03
          -9.51963245e-01           7.57596910e-01           8.75924876e-03           2.24930509e-03           1.05097772e-03           2.14020245e+00          -9.69823093e-01           8.31733483e-05           2.32093510e+00           1.00452880e+00           8.83826673e-03
          -9.55283858e-01           7.59112894e-01           8.74094179e-03           2.24215045e-03           1.04744454e-03           2.14059109e+00          -9.77691238e-01           8.38670712e-05           2.35823855e+00           1.00411538e+00           8.93992860e-03
          -9.58567920e-01           7.60606825e-01           8.72193822e-03           2.23480935e-03           1.04390490e-03           2.14081699e+00          -9.85537955e-01           8.45892981e-05           2.39749800e+00           1.00369923e+00           9.04590349e-03
          -9.61815603e-01           7.62078881e-01           8.71115431e-03           2.23087885e-03           1.04466381e-03           2.13549933e+00          -9.93371029e-01           8.53445767e-05           2.43962968e+00           1.00328001e+00           9.15323550e-03
          -9.65027079e-01           7.63529360e-01           8.70405153e-03           2.22323264e-03           1.04133784e-03           2.13497729e+00          -1.00119231e+00           8.61343419e-05           2.48366197e+00           1.00285745e+00           9.26213388e-03
          -9.68202438e-01           7.64958322e-01           8.69538145e-03           2.21522352e-03           1.03792417e-03           2.13428263e+00          -1.00900720e+00           8.69597862e-05           2.53039154e+00           1.00243126e+00           9.37973150e-03
          -9.71341692e-01           7.66366005e-01           8.68507720e-03           2.20687592e-03           1.03439392e-03           2.13349661e+00          -1.01681973e+00           8.78231870e-05           2.57943341e+00           1.00200116e+00           9.49676257e-03
          -9.74444931e-01           7.67752588e-01           8.67309632e-03           2.19812934e-03           1.03072666e-03           2.13260161e+00          -1.02463388e+00           8.87266176e-05           2.63003904e+00           1.00156696e+00           9.61744023e-03
          -9.77512218e-01           7.69118428e-01           8.65974854e-03           2.18914850e-03           1.02695704e-03           2.13168460e+00          -1.03245158e+00           8.96718975e-05           2.68262220e+00           1.00112848e+00           9.74126571e-03
          -9.80543669e-01           7.70463705e-01           8.64472769e-03           2.17980518e-03           1.02306691e-03           2.13065750e+00          -1.04027258e+00           9.06610454e-05           2.73694516e+00           1.00068568e+00           9.87116042e-03
          -9.83539263e-01           7.71788657e-01           8.62818840e-03           2.17010073e-03           1.01903426e-03           2.12956601e+00          -1.04809893e+00           9.16964905e-05           2.79309397e+00           1.00023846e+00           1.00035437e-02
          -9.86499087e-01           7.73093522e-01           8.60986018e-03           2.16000032e-03           1.01483320e-03           2.12842890e+00          -1.05592833e+00           9.27805030e-05           2.85011289e+00           9.99786802e-01           1.01374203e-02
          -9.89423067e-01           7.74378478e-01           8.58989935e-03           2.14944067e-03           1.01049127e-03           2.12712444e+00          -1.06376083e+00           9.39150492e-05           2.90767188e+00           9.99330888e-01           1.02834814e-02
          -9.92310887e-01           7.75643706e-01           8.56823548e-03           2.13845466e-03           1.00595673e-03           2.12579190e+00          -1.07159321e+00           9.51013285e-05           2.96425230e+00           9.98870942e-01           1.04287264e-02
          -9.95162439e-01           7.76889801e-01           8.54554856e-03           2.12733814e-03           1.00131054e-03           2.12455383e+00          -1.07942184e+00           9.63389818e-05           3.01733819e+00           9.98407380e-01           1.05710892e-02
          -9.97977931e-01           7.78117538e-01           8.52257378e-03           2.11656179e-03           9.96682082e-04           2.12360775e+00          -1.08723690e+00           9.76259623e-05           3.06618073e+00           9.97941027e-01           1.07156533e-02
          -1.00075765e+00           7.79327631e-01           8.49985022e-03           2.10630471e-03           9.92133916e-04           2.12300444e+00          -1.09502516e+00           9.89594539e-05           3.10956176e+00           9.97472848e-01           1.08514718e-02
          -1.00350194e+00           7.80520797e-01           8.47796063e-03           2.09680273e-03           9.87746514e-04           2.12281461e+00          -1.10277437e+00           1.00336358e-04           3.14705802e+00           9.97003778e-01           1.09743880e-02
          -1.00621137e+00           7.81697810e-01           8.45751532e-03           2.08831229e-03           9.83624608e-04           2.12307853e+00          -1.11047334e+00           1.01753675e-04           3.17844520e+00           9.96534771e-01           1.10928143e-02
          -1.00888652e+00           7.82859445e-01           8.43905035e-03           2.08104896e-03           9.79841443e-04           2.12386297e+00          -1.11811066e+00           1.03208991e-04           3.20465327e+00           9.96066594e-01           1.11922872e-02
          -1.01152823e+00           7.84006417e-01           8.42291381e-03           2.07517724e-03           9.76476722e-04           2.12516816e+00          -1.12567704e+00           1.04701266e-04           3.22772227e+00           9.95599861e-01           1.12813449e-02
          -1.01413767e+00           7.85139322e-01           8.40887759e-03           2.07055391e-03           9.73518971e-04           2.12687577e+00          -1.13316351e+00           1.06232129e-04           3.25035496e+00           9.95135002e-01           1.13610663e-02
          -1.01671554e+00           7.86258042e-01           8.39622913e-03           2.06660123e-03           9.70866868e-04           2.12861444e+00          -1.14057000e+00           1.07806108e-04           3.27560320e+00           9.94671855e-01           1.14364757e-02
          -1.01926225e+00           7.87362456e-01           8.38420153e-03           2.06293122e-03           9.68425789e-04           2.13019029e+00          -1.14790339e+00           1.09430778e-04           3.30554684e+00           9.94209793e-01           1.15164240e-02
          -1.02177803e+00           7.88452327e-01           8.37220583e-03           2.05919608e-03           9.66082149e-04           2.13149169e+00          -1.15517441e+00           1.11115378e-04           3.34202567e+00           9.93748051e-01           1.16034589e-02
          -1.02426304e+00           7.89527476e-01           8.35962100e-03           2.05507818e-03           9.63737037e-04           2.13240552e+00          -1.16239372e+00           1.12869713e-04           3.38547541e+00           9.93285726e-01           1.16967312e-02
          -1.02671737e+00           7.90587664e-01           8.34574777e-03           2.05030142e-03           9.61278034e-04           2.13289116e+00          -1.16957014e+00           1.14703789e-04           3.43641634e+00           9.92821857e-01           1.18042799e-02
          -1.02914092e+00           7.91632593e-01           8.33007314e-03           2.04457589e-03           9.58598494e-04           2.13288035e+00          -1.17671242e+00           1.16626595e-04           3.49288189e+00           9.92355858e-01           1.19210158e-02
          -1.03153333e+00           7.92661905e-01           8.31216925e-03           2.03762401e-03           9.55637951e-04           2.13221336e+00          -1.18383065e+00           1.18645772e-04           3.55342790e+00           9.91886971e-01           1.20560016e-02
          -1.03389405e+00           7.93675721e-01           8.29252459e-03           2.02982287e-03           9.52424433e-04           2.13121672e+00          -1.19093377e+00           1.20766570e-04           3.61477167e+00           9.91414997e-01           1.22058874e-02
          -1.03622296e+00           7.94674456e-01           8.27734222e-03           2.02378927e-03           9.51817916e-04           2.12623574e+00          -1.19801884e+00           1.22991463e-04           3.67397519e+00           9.90940201e-01           1.23562724e-02
          -1.03852020e+00           7.95658708e-01           8.26204299e-03           2.01535645e-03           9.48338918e-04           2.12514367e+00          -1.20508147e+00           1.25318955e-04           3.72914670e+00           9.90463084e-01           1.24948443e-02
          -1.04078604e+00           7.96629012e-01           8.24622973e-03           2.00711034e-03           9.44839685e-04           2.12428666e+00          -1.21211347e+00           1.27745973e-04           3.77768973e+00           9.89984466e-01           1.26357780e-02
          -1.04302084e+00           7.97586024e-01           8.23073948e-03           1.99937578e-03           9.41412892e-04           2.12380328e+00          -1.21910437e+00           1.30268722e-04           3.81912361e+00           9.89505386e-01           1.27680455e-02
          -1.04522508e+00           7.98530281e-01           8.21608250e-03           1.99229510e-03           9.38127164e-04           2.12369408e+00          -1.22604316e+00           1.32883250e-04           3.85334945e+00           9.89026795e-01           1.28862228e-02
          -1.04739939e+00           7.99462497e-01           8.20300815e-03           1.98618561e-03           9.35078154e-04           2.12408513e+00          -1.23292209e+00           1.35586144e-04           3.88062821e+00           9.88549446e-01           1.29927491e-02
          -1.04954446e+00           8.00383270e-01           8.19186195e-03           1.98121791e-03           9.32305202e-04           2.12507439e+00          -1.23972805e+00           1.38374293e-04           3.90228320e+00           9.88074236e-01           1.30733579e-02
          -1.05166131e+00           8.01293075e-01           8.18268446e-03           1.97729103e-03           9.29861720e-04           2.12643556e+00          -1.24645300e+00           1.41246759e-04           3.92060780e+00           9.87601721e-01           1.31430332e-02
          -1.05375074e+00           8.02192152e-01           8.17532744e-03           1.97427709e-03           9.27748044e-04           2.12803153e+00          -1.25309251e+00           1.44205151e-04           3.93757888e+00           9.87132127e-01           1.32176692e-02
          -1.05581328e+00           8.03080440e-01           8.16920143e-03           1.97174884e-03           9.25871197e-04           2.12961463e+00          -1.25964729e+00           1.47254262e-04           3.95609076e+00           9.86665353e-01           1.32820854e-02
          -1.05784952e+00           8.03958058e-01           8.16396067e-03           1.96954729e-03           9.24169861e-04           2.13115291e+00          -1.26612249e+00           1.50401378e-04           3.97822781e+00           9.86200965e-01           1.33436139e-02
          -1.05985983e+00           8.04824948e-01           8.15919588e-03           1.96752703e-03           9.22614383e-04           2.13255621e+00          -1.27252493e+00           1.53654806e-04           4.00414868e+00           9.85738437e-01           1.34181343e-02
          -1.06184473e+00           8.05681229e-01           8.15459581e-03           1.96549896e-03           9.21119544e-04           2.13381529e+00          -1.27886068e+00           1.57023970e-04           4.03512309e+00           9.85277141e-01           1.34821671e-02
          -1.06380457e+00           8.06526780e-01           8.14979343e-03           1.96328165e-03           9.19651100e-04           2.13481140e+00          -1.28513824e+00           1.60518792e-04           4.07161215e+00           9.83802249e-01           1.35553182e-02
          -1.06573980e+00           8.07361782e-01           8.14465572e-03           1.96089588e-03           9.18184090e-04           2.13562389e+00          -1.29136541e+00           1.64149862e-04           4.11305861e+00           9.83344378e-01           1.36357377e-02
          -1.06765075e+00           8.08186114e-01           8.13885236e-03           1.95809983e-03           9.16679062e-04           2.13608002e+00          -1.29755046e+00           1.67928261e-04           4.16050574e+00           9.82885993e-01           1.37265288e-02
          -1.06953784e+00           8.09000015e-01           8.13237281e-03           1.95495740e-03           9.15110088e-04           2.13630843e+00          -1.30370267e+00           1.71865893e-04           4.21339472e+00           9.82426495e-01           1.38223281e-02
          -1.07140139e+00           8.09803486e-01           8.12499500e-03           1.95140541e-03           9.13449857e-04           2.13630271e+00          -1.30982745e+00           1.75974170e-04           4.27228238e+00           9.81965371e-01           1.39266682e-02
          -1.07324189e+00           8.10596704e-01           8.11653261e-03           1.94739577e-03           9.11668947e-04           2.13607777e+00          -1.31593220e+00           1.80265914e-04           4.33650840e+00           9.81502026e-01           1.40355027e-02
          -1.07505973e+00           8.11379790e-01           8.10688483e-03           1.94289629e-03           9.09740601e-04           2.13565964e+00          -1.32202224e+00           1.84753550e-04           4.40623537e+00           9.81036010e-01           1.41464066e-02
          -1.07685535e+00           8.12152862e-01           8.09591973e-03           1.93785551e-03           9.07659802e-04           2.13500201e+00          -1.32810277e+00           1.89449995e-04           4.48063770e+00           9.80566992e-01           1.42726190e-02
          -1.07862920e+00           8.12916040e-01           8.08339509e-03           1.93216878e-03           9.05394618e-04           2.13406259e+00          -1.33417956e+00           1.94369941e-04           4.55912432e+00           9.80094457e-01           1.44074274e-02
          -1.08038178e+00           8.13669622e-01           8.06931932e-03           1.92591294e-03           9.02931599e-04           2.13295552e+00          -1.34025518e+00           1.99526994e-04           4.64155550e+00           9.79618253e-01           1.45483679e-02
          -1.08211342e+00           8.14413607e-01           8.05332162e-03           1.91891293e-03           9.00241660e-04           2.13155313e+00          -1.34632954e+00           2.04934846e-04           4.72522795e+00           9.79138266e-01           1.47083075e-02
          -1.08382438e+00           8.15148175e-01           8.03563384e-03           1.91117645e-03           8.97320261e-04           2.12987106e+00          -1.35241215e+00           2.10609437e-04           4.80965730e+00           9.78654170e-01           1.48738672e-02
          -1.08551505e+00           8.15873802e-01           8.01656882e-03           1.90298660e-03           8.94192884e-04           2.12816120e+00          -1.35850564e+00           2.16565227e-04           4.89160010e+00           9.78166093e-01           1.50417087e-02
          -1.08718603e+00           8.16591024e-01           7.99659822e-03           1.89458931e-03           8.90927500e-04           2.12653590e+00          -1.36460898e+00           2.22814428e-04           4.96948133e+00           9.77674290e-01           1.52085280e-02
          -1.08883801e+00           8.17300498e-01           7.97618594e-03           1.88627923e-03           8.87594826e-04           2.12515798e+00          -1.37071824e+00           2.29368396e-04           5.04155075e+00           9.77179137e-01           1.53701220e-02
          -1.09047179e+00           8.18002820e-01           7.95579419e-03           1.87824681e-03           8.84271468e-04           2.12406130e+00          -1.37682903e+00           2.36238646e-04           5.10675176e+00           9.76681132e-01           1.55304504e-02
          -1.09208831e+00           8.18698704e-01           7.93595147e-03           1.87070169e-03           8.81002883e-04           2.12337749e+00          -1.38293543e+00           2.43436498e-04           5.16497538e+00           9.76180822e-01           1.56699019e-02
          -1.09368851e+00           8.19388688e-01           7.91697972e-03           1.86370089e-03           8.77845491e-04           2.12303977e+00          -1.38903498e+00           2.50976984e-04           5.21672400e+00           9.75678542e-01           1.57951369e-02
          -1.09527351e+00           8.20073605e-01           7.89951749e-03           1.85759163e-03           8.74896222e-04           2.12321368e+00          -1.39512801e+00           2.58878690e-04           5.26360310e+00           9.75174449e-01           1.59082815e-02
          -1.09684457e+00           8.20754170e-01           7.88374418e-03           1.85247486e-03           8.72207844e-04           2.12389154e+00          -1.40121015e+00           2.67162291e-04           5.30725325e+00           9.74668718e-01           1.60105374e-02
          -1.09840320e+00           8.21431160e-01           7.86963802e-03           1.84836458e-03           8.69757150e-04           2.12515019e+00          -1.40727213e+00           2.75850551e-04           5.35185309e+00           9.74161640e-01           1.60764447e-02
          -1.09995083e+00           8.22104752e-01           7.85637281e-03           1.84480400e-03           8.67490919e-04           2.12659748e+00          -1.41331161e+00           2.84975592e-04           5.40092767e+00           9.73653084e-01           1.61421082e-02
          -1.10148860e+00           8.22775185e-01           7.84354693e-03           1.84145430e-03           8.65376504e-04           2.12792269e+00          -1.41934217e+00           2.94585021e-04           5.45648845e+00           9.73142112e-01           1.62233219e-02
          -1.10301767e+00           8.23442697e-01           7.83052830e-03           1.83804455e-03           8.63298898e-04           2.12909406e+00          -1.42537296e+00           3.04732118e-04           5.52267112e+00           9.72627906e-01           1.62978508e-02
          -1.10453908e+00           8.24107408e-01           7.81643962e-03           1.83423804e-03           8.61185801e-04           2.12989815e+00          -1.43141496e+00           3.15481015e-04           5.60152283e+00           9.72109476e-01           1.63972945e-02
          -1.10605388e+00           8.24769497e-01           7.80051328e-03           1.82974140e-03           8.58940397e-04           2.13023093e+00          -1.43748133e+00           3.26906305e-04           5.69311879e+00           9.71585644e-01           1.65197077e-02
          -1.10756297e+00           8.25429022e-01           7.78189294e-03           1.82418229e-03           8.56446577e-04           2.12994289e+00          -1.44358662e+00           3.39093201e-04           5.79822668e+00           9.71055215e-01           1.66643752e-02
          -1.10906732e+00           8.26086223e-01           7.75986416e-03           1.81736842e-03           8.53610681e-04           2.12903664e+00          -1.44974386e+00           3.52137083e-04           5.91524633e+00           9.70517113e-01           1.68396075e-02
          -1.11056758e+00           8.26741099e-01           7.74171133e-03           1.80761653e-03           8.48765683e-04           2.12970030e+00          -1.45596200e+00           3.66132227e-04           6.04027948e+00           9.69970047e-01           1.70514228e-02
          -1.11206418e+00           8.27394128e-01           7.72211911e-03           1.79796108e-03           8.45251087e-04           2.12713252e+00          -1.46228031e+00           3.81215133e-04           6.17105890e+00           9.69412521e-01           1.72901746e-02
          -1.11355828e+00           8.28046381e-01           7.70041733e-03           1.78759021e-03           8.41388788e-04           2.12457099e+00          -1.46871395e+00           3.97517322e-04           6.30236343e+00           9.69632553e-01           1.75277536e-02
          -1.11505116e+00           8.28698874e-01           7.67715502e-03           1.77686935e-03           8.37275656e-04           2.12220353e+00          -1.47526851e+00           4.15172404e-04           6.43171809e+00           9.69039402e-01           1.77607406e-02
          -1.11654440e+00           8.29352796e-01           7.65302927e-03           1.76626025e-03           8.33039764e-04           2.12025923e+00          -1.48195058e+00           4.34334601e-04           6.55695511e+00           9.68434142e-01           1.79862146e-02
          -1.11803971e+00           8.30009341e-01           7.62874554e-03           1.75611403e-03           8.28805084e-04           2.11885045e+00          -1.48877046e+00           4.55189185e-04           6.67885708e+00           9.67816392e-01           1.82038578e-02
          -1.11953918e+00           8.30670059e-01           7.60523189e-03           1.74694231e-03           8.24692436e-04           2.11829554e+00          -1.49573785e+00           4.77952809e-04           6.80226262e+00           9.67185601e-01           1.83796324e-02
          -1.12104513e+00           8.31336379e-01           7.58272200e-03           1.73905029e-03           8.20781149e-04           2.11877465e+00          -1.50284976e+00           5.02881243e-04           6.93254226e+00           9.66541429e-01           1.85237035e-02
          -1.12256104e+00           8.32009852e-01           7.56056781e-03           1.73227620e-03           8.17062741e-04           2.12012629e+00          -1.51009845e+00           5.30287956e-04           7.08143867e+00           9.65883269e-01           1.86418136e-02
          -1.12408968e+00           8.32690895e-01           7.53671399e-03           1.72552579e-03           8.13340998e-04           2.12152811e+00          -1.51748565e+00           5.60577550e-04           7.25737581e+00           9.65209627e-01           1.87727963e-02
          -1.12563325e+00           8.33379448e-01           7.50871582e-03           1.71758076e-03           8.09312164e-04           2.12227227e+00          -1.52504004e+00           5.94314992e-04           7.47279811e+00           9.64517621e-01           1.89524882e-02
          -1.12719364e+00           8.34075272e-01           7.47373151e-03           1.70708899e-03           8.04625399e-04           2.12159471e+00          -1.53279976e+00           6.32221451e-04           7.73533054e+00           9.63803308e-01           1.92144889e-02
          -1.12877235e+00           8.34778011e-01           7.42844330e-03           1.69278853e-03           7.98811784e-04           2.11913315e+00          -1.54079352e+00           6.75217492e-04           8.04224710e+00           9.63820831e-01           1.95834037e-02
          -1.13036994e+00           8.35486591e-01           7.36993839e-03           1.67306864e-03           7.91459124e-04           2.11390404e+00          -1.54909015e+00           7.24512585e-04           8.39374610e+00           9.63028501e-01           2.01144804e-02
          -1.13198471e+00           8.36200416e-01           7.29796591e-03           1.64787342e-03           7.82391073e-04           2.10620172e+00          -1.55783553e+00           7.81720422e-04           8.76975116e+00           9.62196453e-01           2.08003129e-02
          -1.13361616e+00           8.36921632e-01           7.21571748e-03           1.61947654e-03           7.71792612e-04           2.09833123e+00          -1.56717085e+00           8.48903629e-04           9.16408249e+00           9.61320381e-01           2.15287138e-02
          -1.13526572e+00           8.37653995e-01           7.12655444e-03           1.59051364e-03           7.60238643e-04           2.09212417e+00          -1.57714119e+00           9.28467161e-04           9.55873349e+00           9.60398597e-01           2.22280776e-02
          -1.13693599e+00           8.38401794e-01           7.03363957e-03           1.56371824e-03           7.48319837e-04           2.08963889e+00          -1.58774265e+00           1.02363906e-03           9.95188229e+00           9.59432828e-01           2.28086533e-02
          -1.13863281e+00           8.39170515e-01           6.94330051e-03           1.53945965e-03           7.35027498e-04           2.09442456e+00          -1.59864410e+00           1.13794775e-03           1.03631733e+01           9.59116560e-01           2.32137867e-02
          -1.14036657e+00           8.39959920e-01           6.83274826e-03           1.51233526e-03           7.20885762e-04           2.09788477e+00          -1.60933327e+00           1.27596084e-03           1.07182006e+01           9.58055378e-01           2.37608220e-02
          -1.14213323e+00           8.40755999e-01           6.68051524e-03           1.46556894e-03           7.01277289e-04           2.08985655e+00          -1.61923541e+00           1.44403504e-03           1.09236250e+01           9.56987408e-01           2.51605483e-02
          -1.14714545e+00           8.43019486e-01           6.21438009e-03           1.26770233e-03           6.27122018e-04           2.02146040e+00          -1.65442201e+00           2.25143210e-03           6.65468761e+00           9.52276147e-01           3.23246366e-02
          -1.14839904e+00           8.43703687e-01           6.36130001e-03           1.33155561e-03           6.39741697e-04           2.08139569e+00          -1.65550220e+00           2.56846989e-03           3.85055738e+00           9.51662410e-01           2.77376311e-02
          -1.14947086e+00           8.44383478e-01           6.68151603e-03           1.50661083e-03           6.78067676e-04           2.22191809e+00          -1.63476721e+00           2.84913618e-03           2.35051094e+00           9.51331661e-01           1.87819425e-02
          -1.15044802e+00           8.45088244e-01           7.15577819e-03           1.79609603e-03           7.32230630e-04           2.45291027e+00          -1.59755462e+00           3.11023528e-03           1.93541127e+00           9.51161020e-01           9.54966679e-03
          -1.15136721e+00           8.45804930e-01           7.66304739e-03           2.16005969e-03           7.84093060e-04           2.75485118e+00          -1.55961661e+00           3.37049350e-03           2.14064720e+00           9.51095715e-01           3.48962453e-03
          -1.15221414e+00           8.46498787e-01           8.27558120e-03           2.59137701e-03           8.39250245e-04           3.08772863e+00          -1.51046507e+00           3.68551406e-03           2.63875214e+00           9.51048617e-01           2.27265541e-04
          -1.15296480e+00           8.47153842e-01           9.25006364e-03           3.18998428e-03           9.23712907e-04           3.45343694e+00          -1.41837515e+00           4.17234862e-03           3.82000819e+00           9.50989348e-01          -1.53718569e-03
          -1.15366698e+00           8.47810268e-01           1.06733167e-02           4.05579349e-03           1.03899689e-03           3.90356655e+00          -1.29660067e+00           5.04796759e-03           5.47228791e+00           9.51167740e-01          -2.10405392e-03
          -1.15439343e+00           8.48514736e-01           1.20227685e-02           5.04633037e-03           1.13209613e-03           4.45751048e+00          -1.21510614e+00           6.22341340e-03           6.48253647e+00           9.51558468e-01          -1.88304725e-03
          -1.15514294e+00           8.49249482e-01           1.29687381e-02           6.00572947e-03           1.18416646e-03           5.07169361e+00          -1.17263245e+00           7.56227311e-03           7.07831327e+00           9.51998904e-01          -1.43112347e-03
          -1.15585912e+00           8.49956036e-01           1.43791414e-02           7.09193058e-03           1.25402193e-03           5.65534812e+00          -1.12155117e+00           9.72232763e-03           7.58117600e+00           9.52641855e-01          -9.90779443e-04
          -1.15653548e+00           8.50628912e-01           1.61787524e-02           8.51897278e-03           1.36226700e-03           6.25352649e+00          -1.04273995e+00           1.36797091e-02           8.47678027e+00           9.53652696e-01          -5.87325525e-04
          -1.15718896e+00           8.51282179e-01           1.84193060e-02           1.03142637e-02           1.50362310e-03           6.85960712e+00          -9.80888910e-01           2.07468747e-02           9.74271806e+00           9.54401577e-01          -1.88306700e-04
          -1.15782678e+00           8.51919293e-01           2.14129946e-02           1.24323421e-02           1.71926569e-03           7.23119303e+00          -1.07448596e+00           3.28102001e-02           1.08637435e+01           9.54084576e-01           2.19933749e-04
          -1.15845120e+00           8.52539420e-01           2.49943619e-02           1.49084343e-02           1.97506670e-03           7.54831942e+00          -1.13945231e+00           5.26961277e-02           1.18639179e+01           9.50490411e-01           6.56050440e-04
          -1.15906279e+00           8.53140533e-01           2.92131837e-02           1.77250666e-02           2.27894348e-03           7.77775610e+00          -1.16286217e+00           8.20958786e-02           1.30130797e+01           9.45065285e-01           1.09368636e-03
          -1.15966035e+00           8.53718758e-01           3.42347514e-02           2.07462210e-02           2.56548029e-03           8.08668110e+00          -1.12411556e+00           1.25551286e-01           1.43516292e+01           9.39762870e-01           1.49521377e-03
          -1.16024504e+00           8.54272127e-01           3.86054122e-02           2.38670001e-02           2.67354807e-03           8.92708844e+00          -1.02186528e+00           1.82860704e-01           1.61909790e+01           9.35356302e-01           1.79841315e-03
          -1.16081916e+00           8.54799330e-01           4.21107038e-02           2.71874847e-02           2.43699807e-03           1.11561371e+01          -8.73505508e-01           2.35649759e-01           1.56210380e+01           9.32459967e-01           1.93251807e-03
          -1.16138706e+00           8.55300427e-01           4.62507266e-02           3.17681139e-02           1.73730330e-03           1.82858766e+01          -7.21833539e-01           2.61213282e-01           1.11467812e+01           9.30310910e-01           1.83360750e-03
          -1.16195646e+00           8.55779111e-01           5.06203633e-02           3.81261528e-02          -4.16528375e-05          -9.15331466e+02          -5.87556179e-01           2.61464202e-01           4.77305353e+00           9.29126595e-01           1.49032674e-03
          -1.16253090e+00           8.56236398e-01           5.04404635e-02           4.49462282e-02          -5.31095487e-03          -8.46292792e+00          -4.41539768e-01           2.58025187e-01           1.13317392e-01           9.28914044e-01           9.09288107e-04
          -1.16311251e+00           8.56671929e-01           5.03296725e-02           5.14065953e-02          -1.18070149e-02          -4.35390279e+00          -3.68707812e-01           2.52541329e-01          -2.41064792e+00           9.29100940e-01           8.71158106e-05
          -1.16370395e+00           8.57085764e-01           5.03176679e-02           5.31153553e-02          -1.32600718e-02          -4.00566122e+00          -3.69537457e-01           2.49206861e-01          -2.49050759e+00           9.29656907e-01          -9.28783543e-04
          -1.16430890e+00           8.57479811e-01           5.03511186e-02           5.00450422e-02          -8.54653720e-03          -5.85559286e+00          -4.39319801e-01           2.43779647e-01          -6.30834813e-01           9.30115319e-01          -2.04872434e-03
          -1.16492831e+00           8.57855320e-01           5.04378719e-02           4.58905589e-02          -3.69817965e-03          -1.24089588e+01          -5.43465672e-01           2.32439726e-01           1.81738521e+00           9.30391413e-01          -3.20437985e-03
          -1.16556025e+00           8.58212829e-01           5.05577963e-02           4.22929779e-02          -3.65378979e-04          -1.15750988e+02          -6.66027851e-01           2.16162345e-01           3.93962865e+00           9.30505779e-01          -4.40924931e-03
          -1.16619458e+00           8.58546197e-01           5.07273194e-02           3.92532247e-02           1.86114707e-03           2.10908775e+01          -8.10127099e-01           1.95403448e-01           5.40589402e+00           9.30425469e-01          -5.77855036e-03
          -1.16682627e+00           8.58847261e-01           5.09744414e-02           3.67149894e-02           3.31000984e-03           1.10921088e+01          -9.78747606e-01           1.67798134e-01           6.29013730e+00           9.30196712e-01          -7.29005916e-03
          -1.16745522e+00           8.59109759e-01           5.13435678e-02           3.47059337e-02           4.18098366e-03           8.30090153e+00          -1.15894019e+00           1.36666416e-01           6.63239471e+00           9.29855368e-01          -8.72558359e-03
          -1.16808479e+00           8.59328747e-01           5.18676776e-02           3.31264708e-02           4.64684667e-03           7.12880651e+00          -1.32599839e+00           1.05520483e-01           6.66450466e+00           9.29476736e-01          -9.75820580e-03
          -1.16872066e+00           8.59501362e-01           5.25781219e-02           3.18088001e-02           4.82665501e-03           6.59023693e+00          -1.45417473e+00           7.98584914e-02           6.65227777e+00           9.29172773e-01          -1.01068559e-02
          -1.16936657e+00           8.59623671e-01           5.21557767e-02           3.03987794e-02           4.68368128e-03           6.49036039e+00          -1.51733235e+00           6.48525812e-02           6.29474348e+00           9.28902442e-01          -9.65502111e-03
          -1.17002836e+00           8.59689713e-01           4.91838427e-02           2.88737697e-02           4.26273906e-03           6.77352502e+00          -1.51448180e+00           6.19500666e-02           5.57692325e+00           9.28728909e-01          -8.36739259e-03
