           y_out     y_out_norm         PT_out    density_out          u_out          v_out         ps_out          omega          angle
    -0.64917200      1.0000000       7749.850     0.07993787       63.01270     -123.69476       6948.548     0.01546359       -63.0048
    -0.64556000      0.9954793       7748.679     0.07993631       62.95365     -123.61637       6948.552     0.01687241       -63.0118
    -0.64199700      0.9910200       7747.494     0.07993474       62.89461     -123.53717       6948.551     0.01829716       -63.0187
    -0.63842700      0.9865519       7746.292     0.07993301       62.83491     -123.45766       6948.540     0.01974259       -63.0258
    -0.63485300      0.9820788       7745.092     0.07993120       62.77540     -123.37901       6948.519     0.02118639       -63.0329
    -0.63127600      0.9776020       7743.887     0.07992930       62.71591     -123.30078       6948.490     0.02263571       -63.0402
    -0.62769600      0.9731214       7742.677     0.07992729       62.65642     -123.22304       6948.450     0.02409170       -63.0476
    -0.62411300      0.9686370       7741.455     0.07992523       62.59659     -123.14527       6948.400     0.02556133       -63.0551
    -0.62052600      0.9641477       7740.200     0.07992311       62.53567     -123.06598       6948.338     0.02707100       -63.0627
    -0.61693500      0.9596533       7738.919     0.07992095       62.47383     -122.98550       6948.267     0.02861233       -63.0705
    -0.61334100      0.9551552       7737.607     0.07991873       62.41101     -122.90363       6948.186     0.03018942       -63.0783
    -0.60974300      0.9506521       7736.252     0.07991653       62.34638     -122.81918       6948.096     0.03181943       -63.0864
    -0.60614200      0.9461452       7734.865     0.07991436       62.28032     -122.73289       6948.000     0.03348798       -63.0947
    -0.60253800      0.9416345       7733.453     0.07991215       62.21344     -122.64546       6947.895     0.03518630       -63.1030
    -0.59892900      0.9371176       7732.022     0.07990990       62.14597     -122.55729       6947.782     0.03690729       -63.1115
    -0.59531700      0.9325970       7730.561     0.07990767       62.07740     -122.46727       6947.661     0.03866486       -63.1200
    -0.59170100      0.9280713       7729.066     0.07990539       62.00781     -122.37535       6947.531     0.04046335       -63.1286
    -0.58808100      0.9235407       7727.551     0.07990302       61.93775     -122.28263       6947.392     0.04228614       -63.1372
    -0.58445700      0.9190050       7726.015     0.07990059       61.86731     -122.18907       6947.242     0.04413309       -63.1458
    -0.58083000      0.9144656       7724.427     0.07989807       61.79541     -122.09217       6947.083     0.04604310       -63.1543
    -0.57719800      0.9099199       7722.797     0.07989544       61.72253     -121.99289       6946.911     0.04800373       -63.1628
    -0.57356300      0.9053705       7721.129     0.07989270       61.64872     -121.89159       6946.726     0.05001061       -63.1712
    -0.56992400      0.9008160       7719.409     0.07988985       61.57338     -121.78730       6946.528     0.05207963       -63.1797
    -0.56628100      0.8962566       7717.567     0.07988687       61.49390     -121.67482       6946.316     0.05429525       -63.1882
    -0.56263400      0.8916921       7715.690     0.07988380       61.41344     -121.56044       6946.093     0.05655305       -63.1967
    -0.55898300      0.8871227       7713.774     0.07988064       61.33203     -121.44392       6945.857     0.05885741       -63.2052
    -0.55532800      0.8825482       7711.815     0.07987741       61.24945     -121.32469       6945.611     0.06121382       -63.2136
    -0.55167000      0.8779700       7709.895     0.07987413       61.16860     -121.20902       6945.355     0.06352392       -63.2220
    -0.54800700      0.8733855       7708.004     0.07987078       61.08932     -121.09638       6945.089     0.06579769       -63.2305
    -0.54434100      0.8687972       7706.136     0.07986737       61.01129     -120.98626       6944.810     0.06804431       -63.2390
    -0.54067000      0.8642028       7704.373     0.07986390       60.93750     -120.88544       6944.516     0.07016560       -63.2476
    -0.53699600      0.8596045       7702.665     0.07986032       60.86654     -120.79021       6944.204     0.07221978       -63.2563
    -0.53331700      0.8550000       7700.987     0.07985662       60.79739     -120.69842       6943.875     0.07423837       -63.2650
    -0.52963500      0.8503917       7699.339     0.07985280       60.73005     -120.61029       6943.530     0.07622018       -63.2737
    -0.52594800      0.8457772       7697.757     0.07984875       60.66610     -120.52951       6943.157     0.07812344       -63.2825
    -0.52225800      0.8411589       7696.208     0.07984452       60.60432     -120.45264       6942.766     0.07998719       -63.2913
    -0.51856400      0.8365357       7694.688     0.07984012       60.54474     -120.37949       6942.355     0.08181460       -63.2999
    -0.51486500      0.8319061       7693.209     0.07983552       60.48783     -120.31084       6941.925     0.08359424       -63.3084
    -0.51116400      0.8272741       7691.812     0.07983064       60.43559     -120.25095       6941.464     0.08527433       -63.3169
    -0.50745800      0.8226358       7690.419     0.07982555       60.38497     -120.19289       6940.980     0.08695050       -63.3250
    -0.50374800      0.8179925       7689.023     0.07982024       60.33577     -120.13626       6940.474     0.08862971       -63.3329
    -0.50003300      0.8133429       7687.616     0.07981474       60.28753     -120.08051       6939.943     0.09032193       -63.3406
    -0.49631600      0.8086909       7686.110     0.07980899       60.23692     -120.01975       6939.379     0.09213279       -63.3483
    -0.49259400      0.8040325       7684.524     0.07980303       60.18446     -119.95481       6938.789     0.09404037       -63.3559
    -0.48886900      0.7993705       7682.869     0.07979690       60.13054     -119.88636       6938.173     0.09603203       -63.3634
    -0.48513900      0.7947021       7681.141     0.07979058       60.07516     -119.81424       6937.532     0.09811031       -63.3707
    -0.48140600      0.7900300       7679.329     0.07978402       60.01835     -119.73834       6936.853     0.10029005       -63.3779
    -0.47766900      0.7853529       7677.498     0.07977731       59.96228     -119.66301       6936.146     0.10249264       -63.3849
    -0.47392800      0.7806708       7675.664     0.07977044       59.90740     -119.58900       6935.417     0.10469788       -63.3917
    -0.47018300      0.7759837       7673.831     0.07976341       59.85401     -119.51641       6934.667     0.10690316       -63.3982
    -0.46643400      0.7712916       7672.008     0.07975621       59.80267     -119.44600       6933.895     0.10909639       -63.4044
    -0.46268200      0.7665957       7670.201     0.07974873       59.75311     -119.37828       6933.104     0.11126920       -63.4104
    -0.45892600      0.7618949       7668.367     0.07974099       59.70343     -119.30971       6932.297     0.11347510       -63.4163
    -0.45516600      0.7571890       7666.490     0.07973301       59.65285     -119.23938       6931.471     0.11573281       -63.4222
    -0.45140200      0.7524781       7664.566     0.07972477       59.60106     -119.16716       6930.624     0.11804739       -63.4282
    -0.44763400      0.7477622       7662.605     0.07971623       59.54848     -119.09417       6929.755     0.12040608       -63.4344
    -0.44386300      0.7430426       7660.675     0.07970725       59.49832     -119.02651       6928.852     0.12272828       -63.4407
    -0.44008800      0.7383179       7658.791     0.07969794       59.45162     -118.96477       6927.920     0.12499399       -63.4468
    -0.43631000      0.7335895       7656.970     0.07968832       59.40915     -118.91026       6926.958     0.12718452       -63.4527
    -0.43252700      0.7288548       7655.215     0.07967840       59.37110     -118.86348       6925.963     0.12929535       -63.4583
    -0.42874100      0.7241164       7653.526     0.07966819       59.33740     -118.82453       6924.934     0.13132749       -63.4638
    -0.42495100      0.7193730       7651.902     0.07965762       59.30817     -118.79409       6923.864     0.13328055       -63.4693
    -0.42115800      0.7146258       7650.315     0.07964659       59.28221     -118.77061       6922.747     0.13518988       -63.4748
    -0.41736100      0.7098736       7648.716     0.07963525       59.25732     -118.74927       6921.595     0.13711224       -63.4802
    -0.41356100      0.7051176       7647.106     0.07962360       59.23372     -118.72978       6920.408     0.13904948       -63.4856
    -0.40975700      0.7003567       7645.484     0.07961163       59.21180     -118.71189       6919.187     0.14100031       -63.4906
    -0.40594900      0.6955907       7643.839     0.07959932       59.19148     -118.69460       6917.931     0.14297956       -63.4952
    -0.40213700      0.6908198       7642.136     0.07958658       59.17158     -118.67557       6916.638     0.14502761       -63.4992
    -0.39832200      0.6860451       7640.335     0.07957337       59.15015     -118.65181       6915.306     0.14719431       -63.5029
    -0.39450400      0.6812666       7638.394     0.07955971       59.12492     -118.62040       6913.935     0.14952815       -63.5066
    -0.39068200      0.6764831       7636.373     0.07954598       59.09700     -118.58305       6912.557     0.15196001       -63.5102
    -0.38685700      0.6716959       7634.311     0.07953243       59.06775     -118.54176       6911.183     0.15444018       -63.5135
    -0.38302800      0.6669036       7632.261     0.07951922       59.03854     -118.49949       6909.828     0.15690524       -63.5167
    -0.37919500      0.6621064       7630.266     0.07950644       59.01010     -118.45892       6908.502     0.15930559       -63.5199
    -0.37535900      0.6573054       7628.352     0.07949408       58.98269     -118.42225       6907.208     0.16160761       -63.5234
    -0.37152000      0.6525006       7626.544     0.07948204       58.95680     -118.39089       6905.955     0.16378246       -63.5274
    -0.36767700      0.6476909       7624.831     0.07947032       58.93257     -118.36366       6904.745     0.16584288       -63.5316
    -0.36383100      0.6428773       7623.182     0.07945911       58.90899     -118.33753       6903.579     0.16782682       -63.5357
    -0.35998100      0.6380588       7621.606     0.07944856       58.88666     -118.31196       6902.468     0.16972223       -63.5394
    -0.35612800      0.6332365       7620.173     0.07943888       58.86872     -118.29080       6901.426     0.17144511       -63.5423
    -0.35227200      0.6284105       7618.949     0.07943022       58.85749     -118.27801       6900.465     0.17291752       -63.5441
    -0.34841200      0.6235795       7617.903     0.07942264       58.85017     -118.27121       6899.592     0.17417602       -63.5457
    -0.34454900      0.6187447       7616.933     0.07941600       58.84103     -118.26340       6898.805     0.17534294       -63.5477
    -0.34068300      0.6139061       7616.014     0.07941034       58.82840     -118.25152       6898.120     0.17644805       -63.5503
    -0.33681300      0.6090626       7615.203     0.07940576       58.81488     -118.23762       6897.558     0.17742354       -63.5529
    -0.33294100      0.6042165       7614.591     0.07940247       58.80460     -118.22620       6897.141     0.17815996       -63.5547
    -0.32906500      0.5993655       7614.263     0.07940079       58.80152     -118.22164       6896.890     0.17855407       -63.5550
    -0.32518600      0.5945106       7614.260     0.07940094       58.80728     -118.22586       6896.814     0.17855807       -63.5536
    -0.32130300      0.5896508       7614.548     0.07940290       58.82006     -118.23754       6896.902     0.17821140       -63.5509
    -0.31741800      0.5847885       7615.093     0.07940641       58.83857     -118.25624       6897.133     0.17755629       -63.5473
    -0.31352900      0.5799212       7615.941     0.07941121       58.86665     -118.28734       6897.483     0.17653619       -63.5424
    -0.30963700      0.5750501       7617.201     0.07941722       58.91047     -118.33899       6897.948     0.17502098       -63.5354
    -0.30574300      0.5701765       7618.941     0.07942453       58.97237     -118.41561       6898.537     0.17292737       -63.5262
    -0.30184500      0.5652979       7621.141     0.07943297       59.05023     -118.51720       6899.242     0.17028161       -63.5156
    -0.29794400      0.5604155       7623.752     0.07944220       59.14171     -118.64286       6900.037     0.16714060       -63.5044
    -0.29404000      0.5555294       7626.735     0.07945194       59.24555     -118.79280       6900.888     0.16355246       -63.4932
    -0.29013400      0.5506408       7630.053     0.07946201       59.35992     -118.96557       6901.781     0.15956187       -63.4823
    -0.28622400      0.5457472       7633.620     0.07947240       59.48098     -119.15527       6902.710     0.15527116       -63.4721
    -0.28231200      0.5408511       7637.299     0.07948308       59.60287     -119.35206       6903.667     0.15084528       -63.4631
    -0.27839700      0.5359512       7640.967     0.07949397       59.72085     -119.54657       6904.647     0.14643311       -63.4551
    -0.27447900      0.5310476       7644.616     0.07950502       59.83646     -119.73826       6905.642     0.14204477       -63.4475
    -0.27055900      0.5261414       7648.255     0.07951612       59.95223     -119.92838       6906.637     0.13766736       -63.4395
    -0.26663600      0.5212315       7651.873     0.07952707       60.06856     -120.11658       6907.623     0.13331528       -63.4310
    -0.26271000      0.5163179       7655.455     0.07953775       60.18507     -120.30240       6908.594     0.12900624       -63.4220
    -0.25878200      0.5114018       7659.021     0.07954814       60.30233     -120.48779       6909.546     0.12471747       -63.4127
    -0.25485100      0.5064819       7662.637     0.07955823       60.42331     -120.67784       6910.479     0.12036786       -63.4029
    -0.25091800      0.5015594       7666.368     0.07956801       60.55125     -120.87742       6911.389     0.11588041       -63.3923
    -0.24698300      0.4966345       7670.212     0.07957742       60.68656     -121.08737       6912.264     0.11125628       -63.3809
    -0.24304500      0.4917059       7674.125     0.07958651       60.82758     -121.30500       6913.095     0.10654916       -63.3688
    -0.23910400      0.4867735       7678.068     0.07959543       60.97255     -121.52681       6913.885     0.10180687       -63.3561
    -0.23516200      0.4818398       7681.980     0.07960413       61.11866     -121.74796       6914.640     0.09710065       -63.3429
    -0.23121800      0.4769036       7685.836     0.07961261       61.26281     -121.96531       6915.383     0.09246299       -63.3298
    -0.22727200      0.4719650       7689.633     0.07962088       61.40454     -122.17841       6916.119     0.08789587       -63.3168
    -0.22332300      0.4670225       7693.424     0.07962914       61.54665     -122.38994       6916.857     0.08333532       -63.3034
    -0.21937300      0.4620788       7697.234     0.07963749       61.69070     -122.60134       6917.598     0.07875210       -63.2893
    -0.21542100      0.4571327       7700.994     0.07964586       61.83374     -122.80852       6918.331     0.07422938       -63.2749
    -0.21146700      0.4521840       7704.576     0.07965413       61.97020     -123.00329       6919.045     0.06992187       -63.2606
    -0.20751100      0.4472328       7707.812     0.07966210       62.09385     -123.17558       6919.718     0.06602866       -63.2469
    -0.20355400      0.4422804       7710.761     0.07966986       62.20713     -123.32876       6920.359     0.06248199       -63.2336
    -0.19959600      0.4373267       7713.560     0.07967759       62.31538     -123.47139       6920.986     0.05911491       -63.2202
    -0.19563600      0.4323705       7716.303     0.07968545       62.42145     -123.60844       6921.622     0.05581593       -63.2065
    -0.19167500      0.4274130       7719.036     0.07969356       62.52648     -123.74235       6922.282     0.05252868       -63.1927
    -0.18771300      0.4224543       7721.773     0.07970189       62.63094     -123.87464       6922.962     0.04923567       -63.1789
    -0.18374900      0.4174931       7724.526     0.07971023       62.73602     -124.00694       6923.649     0.04592500       -63.1648
    -0.17978500      0.4125319       7727.299     0.07971858       62.84266     -124.13971       6924.341     0.04258880       -63.1503
    -0.17582000      0.4075695       7730.081     0.07972710       62.94960     -124.27181       6925.042     0.03924219       -63.1356
    -0.17185400      0.4026058       7732.839     0.07973582       63.05489     -124.40125       6925.751     0.03592549       -63.1211
    -0.16788700      0.3976408       7735.530     0.07974464       63.15679     -124.52591       6926.459     0.03268826       -63.1069
    -0.16392000      0.3926758       7738.103     0.07975331       63.25398     -124.64370       6927.147     0.02959302       -63.0932
    -0.15995300      0.3877109       7740.504     0.07976141       63.34604     -124.75302       6927.784     0.02670581       -63.0798
    -0.15598500      0.3827447       7742.760     0.07976894       63.43433     -124.85527       6928.378     0.02399181       -63.0666
    -0.15201800      0.3777797       7744.856     0.07977596       63.51763     -124.94898       6928.935     0.02147024       -63.0536
    -0.14805000      0.3728135       7746.785     0.07978262       63.59455     -125.03245       6929.471     0.01915027       -63.0410
    -0.14408200      0.3678473       7748.538     0.07978911       63.66393     -125.10351       6930.009     0.01704118       -63.0289
    -0.14011500      0.3628824       7750.176     0.07979561       63.72775     -125.16458       6930.567     0.01507181       -63.0170
    -0.13614900      0.3579186       7751.763     0.07980213       63.78903     -125.22064       6931.144     0.01316221       -63.0051
    -0.13218200      0.3529537       7753.248     0.07980843       63.84637     -125.27024       6931.710     0.01137596       -62.9935
    -0.12821700      0.3479912       7754.552     0.07981432       63.89702     -125.31012       6932.242     0.00980785       -62.9825
    -0.12425300      0.3430300       7755.574     0.07981961       63.93732     -125.33529       6932.714     0.00857839       -62.9725
    -0.12028900      0.3380688       7756.428     0.07982451       63.97129     -125.35170       6933.152     0.00755058       -62.9632
    -0.11632700      0.3331101       7757.157     0.07982904       64.00062     -125.36181       6933.562     0.00667409       -62.9544
    -0.11236700      0.3281539       7757.776     0.07983320       64.02585     -125.36668       6933.945     0.00593003       -62.9462
    -0.10840800      0.3231990       7758.310     0.07983691       64.04828     -125.36839       6934.298     0.00528775       -62.9384
    -0.10445100      0.3182466       7758.803     0.07984025       64.06983     -125.36943       6934.626     0.00469457       -62.9308
    -0.10049600      0.3132966       7759.248     0.07984335       64.08981     -125.36859       6934.938     0.00415901       -62.9234
    -0.09654300      0.3083492       7759.605     0.07984625       64.10626     -125.36309       6935.234     0.00372944       -62.9164
    -0.09259200      0.3034043       7759.842     0.07984897       64.11766     -125.35088       6935.513     0.00344396       -62.9100
    -0.08864500      0.2984643       7759.995     0.07985152       64.12533     -125.33396       6935.780     0.00326067       -62.9041
    -0.08470000      0.2935269       7760.141     0.07985406       64.13212     -125.31640       6936.052     0.00308532       -62.8984
    -0.08075800      0.2885932       7760.300     0.07985668       64.13865     -125.29892       6936.338     0.00289367       -62.8928
    -0.07681900      0.2836633       7760.472     0.07985941       64.14491     -125.28136       6936.638     0.00268647       -62.8872
    -0.07288400      0.2787384       7760.653     0.07986223       64.15097     -125.26368       6936.948     0.00246886       -62.8818
    -0.06895200      0.2738173       7760.836     0.07986503       64.15675     -125.24621       6937.260     0.00224853       -62.8764
    -0.06502500      0.2689024       7760.997     0.07986771       64.16146     -125.22819       6937.563     0.00205498       -62.8714
    -0.06110200      0.2639925       7761.115     0.07987021       64.16439     -125.20887       6937.849     0.00191320       -62.8667
    -0.05718300      0.2590876       7761.192     0.07987253       64.16583     -125.18845       6938.115     0.00182090       -62.8624
    -0.05326900      0.2541890       7761.256     0.07987479       64.16637     -125.16777       6938.377     0.00174418       -62.8584
    -0.04936000      0.2492966       7761.307     0.07987701       64.16587     -125.14673       6938.637     0.00168200       -62.8546
    -0.04545600      0.2444105       7761.349     0.07987920       64.16434     -125.12539       6938.896     0.00163190       -62.8512
    -0.04155800      0.2395319       7761.384     0.07988136       64.16213     -125.10405       6939.152     0.00158980       -62.8481
    -0.03766600      0.2346608       7761.418     0.07988351       64.15934     -125.08296       6939.408     0.00154855       -62.8452
    -0.03377900      0.2297960       7761.453     0.07988566       64.15597     -125.06214       6939.665     0.00150731       -62.8425
    -0.02990000      0.2249412       7761.486     0.07988781       64.15204     -125.04154       6939.922     0.00146665       -62.8401
    -0.02602700      0.2200939       7761.518     0.07988994       64.14764     -125.02113       6940.178     0.00142797       -62.8379
    -0.02216100      0.2152553       7761.552     0.07989206       64.14282     -125.00104       6940.433     0.00138812       -62.8359
    -0.01830200      0.2104255       7761.587     0.07989417       64.13756     -124.98140       6940.689     0.00134521       -62.8342
    -0.01445200      0.2056070       7761.626     0.07989629       64.13184     -124.96228       6940.945     0.00129877       -62.8327
    -0.01060900      0.2007972       7761.668     0.07989839       64.12566     -124.94379       6941.200     0.00124816       -62.8315
    -0.00677500      0.1959987       7761.714     0.07990046       64.11904     -124.92601       6941.454     0.00119290       -62.8306
    -0.00295000      0.1912115       7761.760     0.07990252       64.11176     -124.90870       6941.708     0.00113686       -62.8300
     0.00086600      0.1864355       7761.807     0.07990456       64.10388     -124.89182       6941.960     0.00108033       -62.8297
     0.00467200      0.1816721       7761.854     0.07990659       64.09545     -124.87533       6942.212     0.00102380       -62.8297
     0.00846900      0.1769199       7761.899     0.07990858       64.08649     -124.85902       6942.462     0.00097054       -62.8299
     0.01225500      0.1721815       7761.938     0.07991056       64.07690     -124.84276       6942.710     0.00092350       -62.8303
     0.01603000      0.1674568       7761.972     0.07991251       64.06662     -124.82656       6942.956     0.00088275       -62.8311
     0.01979300      0.1627472       7761.999     0.07991445       64.05562     -124.81038       6943.200     0.00084947       -62.8320
     0.02354500      0.1580513       7762.020     0.07991636       64.04390     -124.79418       6943.441     0.00082480       -62.8333
     0.02728400      0.1533717       7762.030     0.07991825       64.03139     -124.77774       6943.680     0.00081236       -62.8348
     0.03101100      0.1487071       7762.026     0.07992012       64.01800     -124.76073       6943.914     0.00081783       -62.8365
     0.03472500      0.1440588       7762.012     0.07992196       64.00386     -124.74359       6944.145     0.00083405       -62.8384
     0.03842500      0.1394280       7761.990     0.07992379       63.98896     -124.72631       6944.374     0.00086137       -62.8406
     0.04211000      0.1348160       7761.957     0.07992558       63.97326     -124.70888       6944.598     0.00090036       -62.8430
     0.04578000      0.1302228       7761.915     0.07992734       63.95674     -124.69132       6944.819     0.00095139       -62.8458
     0.04943500      0.1256483       7761.862     0.07992907       63.93938     -124.67364       6945.036     0.00101453       -62.8488
     0.05307400      0.1210939       7761.795     0.07993073       63.92111     -124.65551       6945.249     0.00109523       -62.8521
     0.05669700      0.1165594       7761.716     0.07993233       63.90204     -124.63714       6945.458     0.00118999       -62.8556
     0.06030200      0.1120476       7761.627     0.07993387       63.88221     -124.61862       6945.662     0.00129778       -62.8593
     0.06388800      0.1075594       7761.526     0.07993533       63.86163     -124.59992       6945.863     0.00141866       -62.8633
     0.06745600      0.1030939       7761.415     0.07993672       63.84040     -124.58111       6946.058     0.00155209       -62.8676
     0.07100400      0.0986533       7761.296     0.07993804       63.81865     -124.56229       6946.248     0.00169608       -62.8720
     0.07455500      0.0942090       7761.169     0.07993929       63.79641     -124.54354       6946.434     0.00184830       -62.8766
     0.07810400      0.0897672       7761.036     0.07994044       63.77369     -124.52505       6946.614     0.00200884       -62.8814
     0.07810400      0.0897672       7761.036     0.07994044       63.77369     -124.52505       6946.614     0.00200884       -62.8814
     0.08145500      0.0855732       7760.905     0.07994145       63.75202     -124.50793       6946.778     0.00216607       -62.8861
     0.08437900      0.0819136       7760.786     0.07994225       63.73280     -124.49308       6946.916     0.00230952       -62.8903
     0.08699300      0.0786421       7760.672     0.07994290       63.71534     -124.47977       6947.036     0.00244631       -62.8942
     0.08934300      0.0757009       7760.561     0.07994343       63.69929     -124.46756       6947.140     0.00257948       -62.8978
     0.09147000      0.0730388       7760.452     0.07994386       63.68442     -124.45616       6947.231     0.00271104       -62.9011
     0.09340800      0.0706133       7760.339     0.07994420       63.67042     -124.44512       6947.311     0.00284659       -62.9041
     0.09518500      0.0683892       7760.224     0.07994448       63.65714     -124.43433       6947.383     0.00298545       -62.9070
     0.09682500      0.0663367       7760.107     0.07994470       63.64453     -124.42386       6947.447     0.00312529       -62.9096
     0.09834600      0.0644330       7759.991     0.07994489       63.63251     -124.41365       6947.504     0.00326571       -62.9121
     0.09976600      0.0626558       7759.874     0.07994505       63.62100     -124.40367       6947.557     0.00340653       -62.9144
     0.10109800      0.0609887       7759.756     0.07994518       63.60992     -124.39387       6947.605     0.00354759       -62.9167
     0.10235500      0.0594155       7759.639     0.07994529       63.59923     -124.38423       6947.649     0.00368871       -62.9188
     0.10354600      0.0579249       7759.522     0.07994538       63.58887     -124.37472       6947.690     0.00382997       -62.9208
     0.10468200      0.0565031       7759.404     0.07994545       63.57879     -124.36532       6947.728     0.00397138       -62.9227
     0.10577000      0.0551414       7759.286     0.07994552       63.56896     -124.35601       6947.764     0.00411307       -62.9246
     0.10681700      0.0538310       7759.168     0.07994557       63.55932     -124.34675       6947.798     0.00425530       -62.9263
     0.10782900      0.0525645       7759.049     0.07994561       63.54983     -124.33752       6947.831     0.00439825       -62.9281
     0.10881300      0.0513329       7758.929     0.07994564       63.54047     -124.32830       6947.861     0.00454226       -62.9298
     0.10977300      0.0501314       7758.808     0.07994567       63.53119     -124.31905       6947.891     0.00468771       -62.9314
     0.11071400      0.0489537       7758.686     0.07994568       63.52196     -124.30975       6947.919     0.00483494       -62.9331
     0.11164100      0.0477935       7758.562     0.07994569       63.51274     -124.30036       6947.947     0.00498449       -62.9347
     0.11255700      0.0466471       7758.435     0.07994569       63.50350     -124.29086       6947.973     0.00513680       -62.9363
     0.11346800      0.0455069       7758.306     0.07994568       63.49419     -124.28119       6947.999     0.00529244       -62.9379
     0.11437700      0.0443692       7758.173     0.07994566       63.48477     -124.27133       6948.024     0.00545204       -62.9395
     0.11528700      0.0432303       7758.036     0.07994564       63.47522     -124.26124       6948.049     0.00561630       -62.9411
     0.11620400      0.0420826       7757.895     0.07994560       63.46548     -124.25086       6948.073     0.00578601       -62.9427
     0.11713100      0.0409224       7757.749     0.07994556       63.45551     -124.24015       6948.098     0.00596201       -62.9444
     0.11807200      0.0397447       7757.597     0.07994551       63.44526     -124.22904       6948.121     0.00614533       -62.9461
     0.11903300      0.0385419       7757.437     0.07994544       63.43467     -124.21747       6948.145     0.00633707       -62.9478
     0.12001700      0.0373104       7757.270     0.07994537       63.42368     -124.20538       6948.169     0.00653857       -62.9495
     0.12103000      0.0360426       7757.093     0.07994528       63.41222     -124.19266       6948.193     0.00675124       -62.9513
     0.12207700      0.0347322       7756.905     0.07994517       63.40021     -124.17923       6948.216     0.00697692       -62.9532
     0.12316600      0.0333692       7756.705     0.07994505       63.38756     -124.16497       6948.240     0.00721762       -62.9552
     0.12430300      0.0319462       7756.491     0.07994491       63.37417     -124.14974       6948.264     0.00747566       -62.9573
     0.12549600      0.0304531       7756.259     0.07994474       63.35991     -124.13339       6948.288     0.00775406       -62.9594
     0.12675400      0.0288786       7756.008     0.07994455       63.34464     -124.11571       6948.313     0.00805606       -62.9617
     0.12808800      0.0272090       7755.734     0.07994433       63.32819     -124.09650       6948.337     0.00838603       -62.9641
     0.12951000      0.0254293       7755.432     0.07994407       63.31035     -124.07544       6948.362     0.00874882       -62.9667
     0.13103400      0.0235219       7755.098     0.07994377       63.29086     -124.05222       6948.387     0.00915076       -62.9695
     0.13267600      0.0214668       7754.725     0.07994341       63.26943     -124.02640       6948.412     0.00959976       -62.9726
     0.13445700      0.0192378       7754.305     0.07994300       63.24568     -123.99741       6948.437     0.01010504       -62.9759
     0.13640000      0.0168060       7753.817     0.07994249       63.21879     -123.96394       6948.461     0.01069141       -62.9795
     0.13853300      0.0141364       7753.246     0.07994189       63.18800     -123.92470       6948.484     0.01137908       -62.9834
     0.14089000      0.0111865       7752.584     0.07994116       63.15299     -123.87949       6948.506     0.01217455       -62.9878
     0.14351100      0.0079061       7751.815     0.07994027       63.11290     -123.82718       6948.525     0.01310002       -62.9927
     0.14647000      0.0042028       7750.918     0.07993922       63.06662     -123.76617       6948.544     0.01417937       -62.9983
     0.14982800      0.0000000       7749.850     0.07993787       63.01270     -123.69476       6948.548     0.01546359       -63.0048
